0 1 2 
1 0 3 4 
2 0 5 6 
3 1 7 8 
4 1 9 10 
5 2 11 12 
6 2 13 14 
7 3 15 16 
8 3 17 18 
9 4 19 20 
10 4 21 22 
11 5 23 24 
12 5 25 26 
13 6 27 28 
14 6 29 30 
15 7 31 32 
16 7 33 34 
17 8 35 36 
18 8 37 38 
19 9 39 40 
20 9 41 42 
21 10 43 44 
22 10 45 46 
23 11 47 48 
24 11 49 50 
25 12 51 52 
26 12 53 54 
27 13 55 56 
28 13 57 58 
29 14 59 60 
30 14 61 62 
31 15 63 64 
32 15 65 66 
33 16 67 68 
34 16 69 70 
35 17 71 72 
36 17 73 74 
37 18 75 76 
38 18 77 78 
39 19 79 80 
40 19 81 82 
41 20 83 84 
42 20 85 86 
43 21 87 88 
44 21 89 90 
45 22 91 92 
46 22 93 94 
47 23 95 96 
48 23 97 98 
49 24 99 100 
50 24 101 102 
51 25 103 104 
52 25 105 106 
53 26 107 108 
54 26 109 110 
55 27 111 112 
56 27 113 114 
57 28 115 116 
58 28 117 118 
59 29 119 120 
60 29 121 122 
61 30 123 124 
62 30 125 126 
63 31 127 128 
64 31 129 130 
65 32 131 132 
66 32 133 134 
67 33 135 136 
68 33 137 138 
69 34 139 140 
70 34 141 142 
71 35 143 144 
72 35 145 146 
73 36 147 148 
74 36 149 150 
75 37 151 152 
76 37 153 154 
77 38 155 156 
78 38 157 158 
79 39 159 160 
80 39 161 162 
81 40 163 164 
82 40 165 166 
83 41 167 168 
84 41 169 170 
85 42 171 172 
86 42 173 174 
87 43 175 176 
88 43 177 178 
89 44 179 180 
90 44 181 182 
91 45 183 184 
92 45 185 186 
93 46 187 188 
94 46 189 190 
95 47 191 192 
96 47 193 194 
97 48 195 196 
98 48 197 198 
99 49 199 200 
100 49 201 202 
101 50 203 204 
102 50 205 206 
103 51 207 208 
104 51 209 210 
105 52 211 212 
106 52 213 214 
107 53 215 216 
108 53 217 218 
109 54 219 220 
110 54 221 222 
111 55 223 224 
112 55 225 226 
113 56 227 228 
114 56 229 230 
115 57 231 232 
116 57 233 234 
117 58 235 236 
118 58 237 238 
119 59 239 240 
120 59 241 242 
121 60 243 244 
122 60 245 246 
123 61 247 248 
124 61 249 250 
125 62 251 252 
126 62 253 254 
127 63 255 256 
128 63 257 258 
129 64 259 260 
130 64 261 262 
131 65 263 264 
132 65 265 266 
133 66 267 268 
134 66 269 270 
135 67 271 272 
136 67 273 274 
137 68 275 276 
138 68 277 278 
139 69 279 280 
140 69 281 282 
141 70 283 284 
142 70 285 286 
143 71 287 288 
144 71 289 290 
145 72 291 292 
146 72 293 294 
147 73 295 296 
148 73 297 298 
149 74 299 300 
150 74 301 302 
151 75 303 304 
152 75 305 306 
153 76 307 308 
154 76 309 310 
155 77 311 312 
156 77 313 314 
157 78 315 316 
158 78 317 318 
159 79 319 320 
160 79 321 322 
161 80 323 324 
162 80 325 326 
163 81 327 328 
164 81 329 330 
165 82 331 332 
166 82 333 334 
167 83 335 336 
168 83 337 338 
169 84 339 340 
170 84 341 342 
171 85 343 344 
172 85 345 346 
173 86 347 348 
174 86 349 350 
175 87 351 352 
176 87 353 354 
177 88 355 356 
178 88 357 358 
179 89 359 360 
180 89 361 362 
181 90 363 364 
182 90 365 366 
183 91 367 368 
184 91 369 370 
185 92 371 372 
186 92 373 374 
187 93 375 376 
188 93 377 378 
189 94 379 380 
190 94 381 382 
191 95 383 384 
192 95 385 386 
193 96 387 388 
194 96 389 390 
195 97 391 392 
196 97 393 394 
197 98 395 396 
198 98 397 398 
199 99 399 400 
200 99 401 402 
201 100 403 404 
202 100 405 406 
203 101 407 408 
204 101 409 410 
205 102 411 412 
206 102 413 414 
207 103 415 416 
208 103 417 418 
209 104 419 420 
210 104 421 422 
211 105 423 424 
212 105 425 426 
213 106 427 428 
214 106 429 430 
215 107 431 432 
216 107 433 434 
217 108 435 436 
218 108 437 438 
219 109 439 440 
220 109 441 442 
221 110 443 444 
222 110 445 446 
223 111 447 448 
224 111 449 450 
225 112 451 452 
226 112 453 454 
227 113 455 456 
228 113 457 458 
229 114 459 460 
230 114 461 462 
231 115 463 464 
232 115 465 466 
233 116 467 468 
234 116 469 470 
235 117 471 472 
236 117 473 474 
237 118 475 476 
238 118 477 478 
239 119 479 480 
240 119 481 482 
241 120 483 484 
242 120 485 486 
243 121 487 488 
244 121 489 490 
245 122 491 492 
246 122 493 494 
247 123 495 496 
248 123 497 498 
249 124 499 500 
250 124 501 502 
251 125 503 504 
252 125 505 506 
253 126 507 508 
254 126 509 510 
255 127 511 512 
256 127 513 514 
257 128 515 516 
258 128 517 518 
259 129 519 520 
260 129 521 522 
261 130 523 524 
262 130 525 526 
263 131 527 528 
264 131 529 530 
265 132 531 532 
266 132 533 534 
267 133 535 536 
268 133 537 538 
269 134 539 540 
270 134 541 542 
271 135 543 544 
272 135 545 546 
273 136 547 548 
274 136 549 550 
275 137 551 552 
276 137 553 554 
277 138 555 556 
278 138 557 558 
279 139 559 560 
280 139 561 562 
281 140 563 564 
282 140 565 566 
283 141 567 568 
284 141 569 570 
285 142 571 572 
286 142 573 574 
287 143 575 576 
288 143 577 578 
289 144 579 580 
290 144 581 582 
291 145 583 584 
292 145 585 586 
293 146 587 588 
294 146 589 590 
295 147 591 592 
296 147 593 594 
297 148 595 596 
298 148 597 598 
299 149 599 600 
300 149 601 602 
301 150 603 604 
302 150 605 606 
303 151 607 608 
304 151 609 610 
305 152 611 612 
306 152 613 614 
307 153 615 616 
308 153 617 618 
309 154 619 620 
310 154 621 622 
311 155 623 624 
312 155 625 626 
313 156 627 628 
314 156 629 630 
315 157 631 632 
316 157 633 634 
317 158 635 636 
318 158 637 638 
319 159 639 640 
320 159 641 642 
321 160 643 644 
322 160 645 646 
323 161 647 648 
324 161 649 650 
325 162 651 652 
326 162 653 654 
327 163 655 656 
328 163 657 658 
329 164 659 660 
330 164 661 662 
331 165 663 664 
332 165 665 666 
333 166 667 668 
334 166 669 670 
335 167 671 672 
336 167 673 674 
337 168 675 676 
338 168 677 678 
339 169 679 680 
340 169 681 682 
341 170 683 684 
342 170 685 686 
343 171 687 688 
344 171 689 690 
345 172 691 692 
346 172 693 694 
347 173 695 696 
348 173 697 698 
349 174 699 700 
350 174 701 702 
351 175 703 704 
352 175 705 706 
353 176 707 708 
354 176 709 710 
355 177 711 712 
356 177 713 714 
357 178 715 716 
358 178 717 718 
359 179 719 720 
360 179 721 722 
361 180 723 724 
362 180 725 726 
363 181 727 728 
364 181 729 730 
365 182 731 732 
366 182 733 734 
367 183 735 736 
368 183 737 738 
369 184 739 740 
370 184 741 742 
371 185 743 744 
372 185 745 746 
373 186 747 748 
374 186 749 750 
375 187 751 752 
376 187 753 754 
377 188 755 756 
378 188 757 758 
379 189 759 760 
380 189 761 762 
381 190 763 764 
382 190 765 766 
383 191 767 768 
384 191 769 770 
385 192 771 772 
386 192 773 774 
387 193 775 776 
388 193 777 778 
389 194 779 780 
390 194 781 782 
391 195 783 784 
392 195 785 786 
393 196 787 788 
394 196 789 790 
395 197 791 792 
396 197 793 794 
397 198 795 796 
398 198 797 798 
399 199 799 800 
400 199 801 802 
401 200 803 804 
402 200 805 806 
403 201 807 808 
404 201 809 810 
405 202 811 812 
406 202 813 814 
407 203 815 816 
408 203 817 818 
409 204 819 820 
410 204 821 822 
411 205 823 824 
412 205 825 826 
413 206 827 828 
414 206 829 830 
415 207 831 832 
416 207 833 834 
417 208 835 836 
418 208 837 838 
419 209 839 840 
420 209 841 842 
421 210 843 844 
422 210 845 846 
423 211 847 848 
424 211 849 850 
425 212 851 852 
426 212 853 854 
427 213 855 856 
428 213 857 858 
429 214 859 860 
430 214 861 862 
431 215 863 864 
432 215 865 866 
433 216 867 868 
434 216 869 870 
435 217 871 872 
436 217 873 874 
437 218 875 876 
438 218 877 878 
439 219 879 880 
440 219 881 882 
441 220 883 884 
442 220 885 886 
443 221 887 888 
444 221 889 890 
445 222 891 892 
446 222 893 894 
447 223 895 896 
448 223 897 898 
449 224 899 900 
450 224 901 902 
451 225 903 904 
452 225 905 906 
453 226 907 908 
454 226 909 910 
455 227 911 912 
456 227 913 914 
457 228 915 916 
458 228 917 918 
459 229 919 920 
460 229 921 922 
461 230 923 924 
462 230 925 926 
463 231 927 928 
464 231 929 930 
465 232 931 932 
466 232 933 934 
467 233 935 936 
468 233 937 938 
469 234 939 940 
470 234 941 942 
471 235 943 944 
472 235 945 946 
473 236 947 948 
474 236 949 950 
475 237 951 952 
476 237 953 954 
477 238 955 956 
478 238 957 958 
479 239 959 960 
480 239 961 962 
481 240 963 964 
482 240 965 966 
483 241 967 968 
484 241 969 970 
485 242 971 972 
486 242 973 974 
487 243 975 976 
488 243 977 978 
489 244 979 980 
490 244 981 982 
491 245 983 984 
492 245 985 986 
493 246 987 988 
494 246 989 990 
495 247 991 992 
496 247 993 994 
497 248 995 996 
498 248 997 998 
499 249 999 1000 
500 249 1001 1002 
501 250 1003 1004 
502 250 1005 1006 
503 251 1007 1008 
504 251 1009 1010 
505 252 1011 1012 
506 252 1013 1014 
507 253 1015 1016 
508 253 1017 1018 
509 254 1019 1020 
510 254 1021 1022 
511 255 1023 1024 
512 255 1025 1026 
513 256 1027 1028 
514 256 1029 1030 
515 257 1031 1032 
516 257 1033 1034 
517 258 1035 1036 
518 258 1037 1038 
519 259 1039 1040 
520 259 1041 1042 
521 260 1043 1044 
522 260 1045 1046 
523 261 1047 1048 
524 261 1049 1050 
525 262 1051 1052 
526 262 1053 1054 
527 263 1055 1056 
528 263 1057 1058 
529 264 1059 1060 
530 264 1061 1062 
531 265 1063 1064 
532 265 1065 1066 
533 266 1067 1068 
534 266 1069 1070 
535 267 1071 1072 
536 267 1073 1074 
537 268 1075 1076 
538 268 1077 1078 
539 269 1079 1080 
540 269 1081 1082 
541 270 1083 1084 
542 270 1085 1086 
543 271 1087 1088 
544 271 1089 1090 
545 272 1091 1092 
546 272 1093 1094 
547 273 1095 1096 
548 273 1097 1098 
549 274 1099 1100 
550 274 1101 1102 
551 275 1103 1104 
552 275 1105 1106 
553 276 1107 1108 
554 276 1109 1110 
555 277 1111 1112 
556 277 1113 1114 
557 278 1115 1116 
558 278 1117 1118 
559 279 1119 1120 
560 279 1121 1122 
561 280 1123 1124 
562 280 1125 1126 
563 281 1127 1128 
564 281 1129 1130 
565 282 1131 1132 
566 282 1133 1134 
567 283 1135 1136 
568 283 1137 1138 
569 284 1139 1140 
570 284 1141 1142 
571 285 1143 1144 
572 285 1145 1146 
573 286 1147 1148 
574 286 1149 1150 
575 287 1151 1152 
576 287 1153 1154 
577 288 1155 1156 
578 288 1157 1158 
579 289 1159 1160 
580 289 1161 1162 
581 290 1163 1164 
582 290 1165 1166 
583 291 1167 1168 
584 291 1169 1170 
585 292 1171 1172 
586 292 1173 1174 
587 293 1175 1176 
588 293 1177 1178 
589 294 1179 1180 
590 294 1181 1182 
591 295 1183 1184 
592 295 1185 1186 
593 296 1187 1188 
594 296 1189 1190 
595 297 1191 1192 
596 297 1193 1194 
597 298 1195 1196 
598 298 1197 1198 
599 299 1199 1200 
600 299 1201 1202 
601 300 1203 1204 
602 300 1205 1206 
603 301 1207 1208 
604 301 1209 1210 
605 302 1211 1212 
606 302 1213 1214 
607 303 1215 1216 
608 303 1217 1218 
609 304 1219 1220 
610 304 1221 1222 
611 305 1223 1224 
612 305 1225 1226 
613 306 1227 1228 
614 306 1229 1230 
615 307 1231 1232 
616 307 1233 1234 
617 308 1235 1236 
618 308 1237 1238 
619 309 1239 1240 
620 309 1241 1242 
621 310 1243 1244 
622 310 1245 1246 
623 311 1247 1248 
624 311 1249 1250 
625 312 1251 1252 
626 312 1253 1254 
627 313 1255 1256 
628 313 1257 1258 
629 314 1259 1260 
630 314 1261 1262 
631 315 1263 1264 
632 315 1265 1266 
633 316 1267 1268 
634 316 1269 1270 
635 317 1271 1272 
636 317 1273 1274 
637 318 1275 1276 
638 318 1277 1278 
639 319 1279 1280 
640 319 1281 1282 
641 320 1283 1284 
642 320 1285 1286 
643 321 1287 1288 
644 321 1289 1290 
645 322 1291 1292 
646 322 1293 1294 
647 323 1295 1296 
648 323 1297 1298 
649 324 1299 1300 
650 324 1301 1302 
651 325 1303 1304 
652 325 1305 1306 
653 326 1307 1308 
654 326 1309 1310 
655 327 1311 1312 
656 327 1313 1314 
657 328 1315 1316 
658 328 1317 1318 
659 329 1319 1320 
660 329 1321 1322 
661 330 1323 1324 
662 330 1325 1326 
663 331 1327 1328 
664 331 1329 1330 
665 332 1331 1332 
666 332 1333 1334 
667 333 1335 1336 
668 333 1337 1338 
669 334 1339 1340 
670 334 1341 1342 
671 335 1343 1344 
672 335 1345 1346 
673 336 1347 1348 
674 336 1349 1350 
675 337 1351 1352 
676 337 1353 1354 
677 338 1355 1356 
678 338 1357 1358 
679 339 1359 1360 
680 339 1361 1362 
681 340 1363 1364 
682 340 1365 1366 
683 341 1367 1368 
684 341 1369 1370 
685 342 1371 1372 
686 342 1373 1374 
687 343 1375 1376 
688 343 1377 1378 
689 344 1379 1380 
690 344 1381 1382 
691 345 1383 1384 
692 345 1385 1386 
693 346 1387 1388 
694 346 1389 1390 
695 347 1391 1392 
696 347 1393 1394 
697 348 1395 1396 
698 348 1397 1398 
699 349 1399 1400 
700 349 1401 1402 
701 350 1403 1404 
702 350 1405 1406 
703 351 1407 1408 
704 351 1409 1410 
705 352 1411 1412 
706 352 1413 1414 
707 353 1415 1416 
708 353 1417 1418 
709 354 1419 1420 
710 354 1421 1422 
711 355 1423 1424 
712 355 1425 1426 
713 356 1427 1428 
714 356 1429 1430 
715 357 1431 1432 
716 357 1433 1434 
717 358 1435 1436 
718 358 1437 1438 
719 359 1439 1440 
720 359 1441 1442 
721 360 1443 1444 
722 360 1445 1446 
723 361 1447 1448 
724 361 1449 1450 
725 362 1451 1452 
726 362 1453 1454 
727 363 1455 1456 
728 363 1457 1458 
729 364 1459 1460 
730 364 1461 1462 
731 365 1463 1464 
732 365 1465 1466 
733 366 1467 1468 
734 366 1469 1470 
735 367 1471 1472 
736 367 1473 1474 
737 368 1475 1476 
738 368 1477 1478 
739 369 1479 1480 
740 369 1481 1482 
741 370 1483 1484 
742 370 1485 1486 
743 371 1487 1488 
744 371 1489 1490 
745 372 1491 1492 
746 372 1493 1494 
747 373 1495 1496 
748 373 1497 1498 
749 374 1499 1500 
750 374 1501 1502 
751 375 1503 1504 
752 375 1505 1506 
753 376 1507 1508 
754 376 1509 1510 
755 377 1511 1512 
756 377 1513 1514 
757 378 1515 1516 
758 378 1517 1518 
759 379 1519 1520 
760 379 1521 1522 
761 380 1523 1524 
762 380 1525 1526 
763 381 1527 1528 
764 381 1529 1530 
765 382 1531 1532 
766 382 1533 1534 
767 383 1535 1536 
768 383 1537 1538 
769 384 1539 1540 
770 384 1541 1542 
771 385 1543 1544 
772 385 1545 1546 
773 386 1547 1548 
774 386 1549 1550 
775 387 1551 1552 
776 387 1553 1554 
777 388 1555 1556 
778 388 1557 1558 
779 389 1559 1560 
780 389 1561 1562 
781 390 1563 1564 
782 390 1565 1566 
783 391 1567 1568 
784 391 1569 1570 
785 392 1571 1572 
786 392 1573 1574 
787 393 1575 1576 
788 393 1577 1578 
789 394 1579 1580 
790 394 1581 1582 
791 395 1583 1584 
792 395 1585 1586 
793 396 1587 1588 
794 396 1589 1590 
795 397 1591 1592 
796 397 1593 1594 
797 398 1595 1596 
798 398 1597 1598 
799 399 1599 1600 
800 399 1601 1602 
801 400 1603 1604 
802 400 1605 1606 
803 401 1607 1608 
804 401 1609 1610 
805 402 1611 1612 
806 402 1613 1614 
807 403 1615 1616 
808 403 1617 1618 
809 404 1619 1620 
810 404 1621 1622 
811 405 1623 1624 
812 405 1625 1626 
813 406 1627 1628 
814 406 1629 1630 
815 407 1631 1632 
816 407 1633 1634 
817 408 1635 1636 
818 408 1637 1638 
819 409 1639 1640 
820 409 1641 1642 
821 410 1643 1644 
822 410 1645 1646 
823 411 1647 1648 
824 411 1649 1650 
825 412 1651 1652 
826 412 1653 1654 
827 413 1655 1656 
828 413 1657 1658 
829 414 1659 1660 
830 414 1661 1662 
831 415 1663 1664 
832 415 1665 1666 
833 416 1667 1668 
834 416 1669 1670 
835 417 1671 1672 
836 417 1673 1674 
837 418 1675 1676 
838 418 1677 1678 
839 419 1679 1680 
840 419 1681 1682 
841 420 1683 1684 
842 420 1685 1686 
843 421 1687 1688 
844 421 1689 1690 
845 422 1691 1692 
846 422 1693 1694 
847 423 1695 1696 
848 423 1697 1698 
849 424 1699 1700 
850 424 1701 1702 
851 425 1703 1704 
852 425 1705 1706 
853 426 1707 1708 
854 426 1709 1710 
855 427 1711 1712 
856 427 1713 1714 
857 428 1715 1716 
858 428 1717 1718 
859 429 1719 1720 
860 429 1721 1722 
861 430 1723 1724 
862 430 1725 1726 
863 431 1727 1728 
864 431 1729 1730 
865 432 1731 1732 
866 432 1733 1734 
867 433 1735 1736 
868 433 1737 1738 
869 434 1739 1740 
870 434 1741 1742 
871 435 1743 1744 
872 435 1745 1746 
873 436 1747 1748 
874 436 1749 1750 
875 437 1751 1752 
876 437 1753 1754 
877 438 1755 1756 
878 438 1757 1758 
879 439 1759 1760 
880 439 1761 1762 
881 440 1763 1764 
882 440 1765 1766 
883 441 1767 1768 
884 441 1769 1770 
885 442 1771 1772 
886 442 1773 1774 
887 443 1775 1776 
888 443 1777 1778 
889 444 1779 1780 
890 444 1781 1782 
891 445 1783 1784 
892 445 1785 1786 
893 446 1787 1788 
894 446 1789 1790 
895 447 1791 1792 
896 447 1793 1794 
897 448 1795 1796 
898 448 1797 1798 
899 449 1799 1800 
900 449 1801 1802 
901 450 1803 1804 
902 450 1805 1806 
903 451 1807 1808 
904 451 1809 1810 
905 452 1811 1812 
906 452 1813 1814 
907 453 1815 1816 
908 453 1817 1818 
909 454 1819 1820 
910 454 1821 1822 
911 455 1823 1824 
912 455 1825 1826 
913 456 1827 1828 
914 456 1829 1830 
915 457 1831 1832 
916 457 1833 1834 
917 458 1835 1836 
918 458 1837 1838 
919 459 1839 1840 
920 459 1841 1842 
921 460 1843 1844 
922 460 1845 1846 
923 461 1847 1848 
924 461 1849 1850 
925 462 1851 1852 
926 462 1853 1854 
927 463 1855 1856 
928 463 1857 1858 
929 464 1859 1860 
930 464 1861 1862 
931 465 1863 1864 
932 465 1865 1866 
933 466 1867 1868 
934 466 1869 1870 
935 467 1871 1872 
936 467 1873 1874 
937 468 1875 1876 
938 468 1877 1878 
939 469 1879 1880 
940 469 1881 1882 
941 470 1883 1884 
942 470 1885 1886 
943 471 1887 1888 
944 471 1889 1890 
945 472 1891 1892 
946 472 1893 1894 
947 473 1895 1896 
948 473 1897 1898 
949 474 1899 1900 
950 474 1901 1902 
951 475 1903 1904 
952 475 1905 1906 
953 476 1907 1908 
954 476 1909 1910 
955 477 1911 1912 
956 477 1913 1914 
957 478 1915 1916 
958 478 1917 1918 
959 479 1919 1920 
960 479 1921 1922 
961 480 1923 1924 
962 480 1925 1926 
963 481 1927 1928 
964 481 1929 1930 
965 482 1931 1932 
966 482 1933 1934 
967 483 1935 1936 
968 483 1937 1938 
969 484 1939 1940 
970 484 1941 1942 
971 485 1943 1944 
972 485 1945 1946 
973 486 1947 1948 
974 486 1949 1950 
975 487 1951 1952 
976 487 1953 1954 
977 488 1955 1956 
978 488 1957 1958 
979 489 1959 1960 
980 489 1961 1962 
981 490 1963 1964 
982 490 1965 1966 
983 491 1967 1968 
984 491 1969 1970 
985 492 1971 1972 
986 492 1973 1974 
987 493 1975 1976 
988 493 1977 1978 
989 494 1979 1980 
990 494 1981 1982 
991 495 1983 1984 
992 495 1985 1986 
993 496 1987 1988 
994 496 1989 1990 
995 497 1991 1992 
996 497 1993 1994 
997 498 1995 1996 
998 498 1997 1998 
999 499 1999 2000 
1000 499 2001 2002 
1001 500 2003 2004 
1002 500 2005 2006 
1003 501 2007 2008 
1004 501 2009 2010 
1005 502 2011 2012 
1006 502 2013 2014 
1007 503 2015 2016 
1008 503 2017 2018 
1009 504 2019 2020 
1010 504 2021 2022 
1011 505 2023 2024 
1012 505 2025 2026 
1013 506 2027 2028 
1014 506 2029 2030 
1015 507 2031 2032 
1016 507 2033 2034 
1017 508 2035 2036 
1018 508 2037 2038 
1019 509 2039 2040 
1020 509 2041 2042 
1021 510 2043 2044 
1022 510 2045 2046 
1023 511 2078 2215 
1024 511 2232 2630 
1025 512 2190 2684 
1026 512 2600 2865 
1027 513 2956 3070 
1028 513 2127 2931 
1029 514 2109 2603 
1030 514 2448 2714 
1031 515 2204 2881 
1032 515 2698 2762 
1033 516 3041 3046 
1034 516 2085 2676 
1035 517 2332 2422 
1036 517 2613 3066 
1037 518 2499 2864 
1038 518 2706 2889 
1039 519 2736 2906 
1040 519 2740 3037 
1041 520 2418 2466 
1042 520 2930 2984 
1043 521 2357 3055 
1044 521 2604 2696 
1045 522 2293 2916 
1046 522 2366 2940 
1047 523 2563 2752 
1048 523 2166 2945 
1049 524 2709 2901 
1050 524 2079 2909 
1051 525 2633 2849 
1052 525 2553 2697 
1053 526 2186 2692 
1054 526 2111 2846 
1055 527 2503 2506 
1056 527 2898 2974 
1057 528 2182 2387 
1058 528 2097 2526 
1059 529 2629 3018 
1060 529 2441 2680 
1061 530 2436 2849 
1062 530 2644 2917 
1063 531 2273 2970 
1064 531 2473 2493 
1065 532 2361 2718 
1066 532 2086 2195 
1067 533 2613 2629 
1068 533 2243 2979 
1069 534 2546 2963 
1070 534 2185 2853 
1071 535 2267 2807 
1072 535 2341 2895 
1073 536 2599 2670 
1074 536 2245 2328 
1075 537 2398 3049 
1076 537 2620 2801 
1077 538 2449 2571 
1078 538 2641 2927 
1079 539 2088 3057 
1080 539 2410 2488 
1081 540 2126 2741 
1082 540 2815 2992 
1083 541 2426 2903 
1084 541 2329 3002 
1085 542 2191 2618 
1086 542 2280 2508 
1087 543 2187 2569 
1088 543 2562 3047 
1089 544 2098 2605 
1090 544 2587 3027 
1091 545 2538 2809 
1092 545 2549 2701 
1093 546 2142 2235 
1094 546 2851 2893 
1095 547 2615 2640 
1096 547 2199 2277 
1097 548 2116 2871 
1098 548 2229 2360 
1099 549 2690 2774 
1100 549 2073 2188 
1101 550 2306 2735 
1102 550 2385 2554 
1103 551 2601 3054 
1104 551 2986 3022 
1105 552 2650 2985 
1106 552 2179 2652 
1107 553 2707 2759 
1108 553 2282 2301 
1109 554 2080 2279 
1110 554 2383 2427 
1111 555 2692 2862 
1112 555 2420 2445 
1113 556 3029 3038 
1114 556 2402 2567 
1115 557 2348 2887 
1116 557 2397 2896 
1117 558 2222 2302 
1118 558 2258 3042 
1119 559 2146 2467 
1120 559 2190 2964 
1121 560 2295 2704 
1122 560 2748 3062 
1123 561 2443 2549 
1124 561 2471 2745 
1125 562 2467 2965 
1126 562 2272 2399 
1127 563 2432 2637 
1128 563 2236 2987 
1129 564 2121 2910 
1130 564 2117 2236 
1131 565 2342 2581 
1132 565 2504 2789 
1133 566 2528 2796 
1134 566 2339 2718 
1135 567 2288 2559 
1136 567 3029 3030 
1137 568 2556 2958 
1138 568 2539 2963 
1139 569 2534 2758 
1140 569 2264 2628 
1141 570 2093 2678 
1142 570 2918 3004 
1143 571 2340 2516 
1144 571 2274 2689 
1145 572 2074 2575 
1146 572 2113 2375 
1147 573 2205 2450 
1148 573 2239 2530 
1149 574 2314 2532 
1150 574 2313 2578 
1151 575 2048 2755 
1152 575 2612 2642 
1153 576 2167 2813 
1154 576 2200 2598 
1155 577 2661 2868 
1156 577 2887 3044 
1157 578 2345 2452 
1158 578 2415 2993 
1159 579 2271 2830 
1160 579 2659 2767 
1161 580 2956 2964 
1162 580 2682 2879 
1163 581 2054 2323 
1164 581 2533 2622 
1165 582 2132 2207 
1166 582 2209 2285 
1167 583 2247 2481 
1168 583 2924 2933 
1169 584 2327 2338 
1170 584 2888 2917 
1171 585 2621 2969 
1172 585 2880 3041 
1173 586 2745 2877 
1174 586 2270 2390 
1175 587 2141 2711 
1176 587 2821 2839 
1177 588 2137 3047 
1178 588 2060 2505 
1179 589 2226 2378 
1180 589 2364 2474 
1181 590 2152 2708 
1182 590 2161 2732 
1183 591 2437 2446 
1184 591 2396 2886 
1185 592 2115 2667 
1186 592 2183 2267 
1187 593 2215 2414 
1188 593 2478 2700 
1189 594 2401 2426 
1190 594 2452 2648 
1191 595 2400 2861 
1192 595 2091 2465 
1193 596 2340 2599 
1194 596 2885 3070 
1195 597 2487 2672 
1196 597 2411 2725 
1197 598 2068 2454 
1198 598 2545 2805 
1199 599 2848 3003 
1200 599 2362 2902 
1201 600 2445 2496 
1202 600 2435 3008 
1203 601 2177 2816 
1204 601 2153 2384 
1205 602 2674 2858 
1206 602 2705 2919 
1207 603 2089 2287 
1208 603 2404 2543 
1209 604 2266 2870 
1210 604 2104 2995 
1211 605 2100 2294 
1212 605 2246 2318 
1213 606 2167 2968 
1214 606 2393 2449 
1215 607 2160 2976 
1216 607 2638 2665 
1217 608 2543 2897 
1218 608 2375 2932 
1219 609 2133 2298 
1220 609 2598 2854 
1221 610 2361 2476 
1222 610 2576 2980 
1223 611 2468 2557 
1224 611 2593 2943 
1225 612 2430 3013 
1226 612 2075 2632 
1227 613 2189 2847 
1228 613 2253 2278 
1229 614 2579 2838 
1230 614 2512 2904 
1231 615 2600 2709 
1232 615 2305 2637 
1233 616 2793 2892 
1234 616 2089 2378 
1235 617 2145 2754 
1236 617 2443 2795 
1237 618 2317 2615 
1238 618 2693 2889 
1239 619 2517 2702 
1240 619 2208 2841 
1241 620 2484 2642 
1242 620 2713 2742 
1243 621 2246 2349 
1244 621 2187 2869 
1245 622 2371 2561 
1246 622 2747 3006 
1247 623 2098 2597 
1248 623 2593 2728 
1249 624 2120 2569 
1250 624 2262 2759 
1251 625 2982 3049 
1252 625 2220 2751 
1253 626 2362 2460 
1254 626 2476 2625 
1255 627 2311 2574 
1256 627 2532 2840 
1257 628 2681 2724 
1258 628 2547 2856 
1259 629 2884 3027 
1260 629 2082 2955 
1261 630 2388 2507 
1262 630 2235 2663 
1263 631 2226 2368 
1264 631 2658 2715 
1265 632 2374 2844 
1266 632 2624 2797 
1267 633 2406 2710 
1268 633 2458 2644 
1269 634 2455 2810 
1270 634 2366 2455 
1271 635 2240 2669 
1272 635 2371 2780 
1273 636 2218 2583 
1274 636 2739 3032 
1275 637 2882 3028 
1276 637 2283 2558 
1277 638 2242 2948 
1278 638 2077 2589 
1279 639 2898 3010 
1280 639 2431 2776 
1281 640 2389 2744 
1282 640 2610 2883 
1283 641 2116 2833 
1284 641 2211 2989 
1285 642 2076 2864 
1286 642 2278 2769 
1287 643 2590 2780 
1288 643 2911 2981 
1289 644 2300 2822 
1290 644 2652 2687 
1291 645 2309 2907 
1292 645 2345 2497 
1293 646 2925 2978 
1294 646 2233 2403 
1295 647 2596 2673 
1296 647 2412 2641 
1297 648 2475 2775 
1298 648 2141 2741 
1299 649 2436 2655 
1300 649 2061 2935 
1301 650 2336 2487 
1302 650 2798 2876 
1303 651 2874 3024 
1304 651 2265 3034 
1305 652 2649 2926 
1306 652 2071 2883 
1307 653 2084 2206 
1308 653 2276 2865 
1309 654 2264 2424 
1310 654 2588 2878 
1311 655 2651 2991 
1312 655 2071 2194 
1313 656 2148 2296 
1314 656 2576 3044 
1315 657 2334 2987 
1316 657 2257 2826 
1317 658 2407 2842 
1318 658 2552 2565 
1319 659 2328 2453 
1320 659 2765 3023 
1321 660 2824 3050 
1322 660 2353 2913 
1323 661 2119 2394 
1324 661 2123 2196 
1325 662 2526 3014 
1326 662 2053 2989 
1327 663 2118 2966 
1328 663 2068 2464 
1329 664 2753 2805 
1330 664 2696 2742 
1331 665 2387 2656 
1332 665 2164 2682 
1333 666 2176 2559 
1334 666 2198 2952 
1335 667 2251 2537 
1336 667 2065 2291 
1337 668 2392 3036 
1338 668 2583 3015 
1339 669 2523 2936 
1340 669 2510 2929 
1341 670 2483 2509 
1342 670 2150 2457 
1343 671 2072 2325 
1344 671 2343 2581 
1345 672 2275 2954 
1346 672 2117 2439 
1347 673 2237 2675 
1348 673 2180 2586 
1349 674 2266 2577 
1350 674 2048 2621 
1351 675 2381 3008 
1352 675 2119 2900 
1353 676 2325 2564 
1354 676 2130 2777 
1355 677 2067 2733 
1356 677 2256 2788 
1357 678 2558 2926 
1358 678 2178 2550 
1359 679 2199 2631 
1360 679 2250 2915 
1361 680 2223 2329 
1362 680 2379 2960 
1363 681 2708 2740 
1364 681 2470 3053 
1365 682 2565 3026 
1366 682 2248 2731 
1367 683 2065 2867 
1368 683 2831 2911 
1369 684 2062 2380 
1370 684 2520 2563 
1371 685 2249 2460 
1372 685 2321 2489 
1373 686 2279 2832 
1374 686 2173 2699 
1375 687 2129 2253 
1376 687 2533 2834 
1377 688 2115 2793 
1378 688 2108 2766 
1379 689 2195 2573 
1380 689 2081 2447 
1381 690 2220 3039 
1382 690 2622 2914 
1383 691 2556 2921 
1384 691 2416 2670 
1385 692 2499 3058 
1386 692 2515 2846 
1387 693 2346 3031 
1388 693 2502 2506 
1389 694 2550 2561 
1390 694 2394 2977 
1391 695 2173 2255 
1392 695 2947 3043 
1393 696 2382 2778 
1394 696 2536 2998 
1395 697 2479 2555 
1396 697 2694 2783 
1397 698 2591 2800 
1398 698 2165 2294 
1399 699 2217 2596 
1400 699 2166 2594 
1401 700 2422 3022 
1402 700 2380 3005 
1403 701 2685 2733 
1404 701 2291 2988 
1405 702 2673 2827 
1406 702 2292 2671 
1407 703 2110 2665 
1408 703 2214 3039 
1409 704 2301 2975 
1410 704 2261 2571 
1411 705 2828 2940 
1412 705 2529 2774 
1413 706 2234 2924 
1414 706 2210 2794 
1415 707 2051 2744 
1416 707 2143 2950 
1417 708 2588 2624 
1418 708 2154 2968 
1419 709 2051 2879 
1420 709 2299 2890 
1421 710 2290 2666 
1422 710 2542 2976 
1423 711 2254 2677 
1424 711 2494 2765 
1425 712 2701 2882 
1426 712 2444 2999 
1427 713 2492 2837 
1428 713 2435 2510 
1429 714 2076 2498 
1430 714 2627 2803 
1431 715 2358 3006 
1432 715 2072 2833 
1433 716 2686 2806 
1434 716 2428 3067 
1435 717 2513 2548 
1436 717 2153 2766 
1437 718 2933 3017 
1438 718 2485 2938 
1439 719 2110 2159 
1440 719 2158 2824 
1441 720 2124 2859 
1442 720 2354 2890 
1443 721 2090 2175 
1444 721 2066 2372 
1445 722 2636 2726 
1446 722 2206 2309 
1447 723 2636 2863 
1448 723 2202 3069 
1449 724 2319 2844 
1450 724 2423 2797 
1451 725 2690 2949 
1452 725 2961 3018 
1453 726 2324 2351 
1454 726 2415 2943 
1455 727 2270 2825 
1456 727 2182 2679 
1457 728 2335 2409 
1458 728 2103 2344 
1459 729 2695 2959 
1460 729 2232 2961 
1461 730 2139 3037 
1462 730 2106 2447 
1463 731 2144 2691 
1464 731 2223 2478 
1465 732 2124 2554 
1466 732 2417 2586 
1467 733 2627 2668 
1468 733 2320 2877 
1469 734 2734 2788 
1470 734 2687 2705 
1471 735 2699 2731 
1472 735 2715 2938 
1473 736 2347 2835 
1474 736 2567 3056 
1475 737 2159 2750 
1476 737 2222 2823 
1477 738 2486 2568 
1478 738 2389 2713 
1479 739 2650 3005 
1480 739 2186 2188 
1481 740 2461 2817 
1482 740 2155 2738 
1483 741 2315 2429 
1484 741 2289 2574 
1485 742 2316 2582 
1486 742 2216 2479 
1487 743 2197 2876 
1488 743 2602 2816 
1489 744 2228 2874 
1490 744 2346 2643 
1491 745 2096 2664 
1492 745 2647 2802 
1493 746 2299 2540 
1494 746 2147 2880 
1495 747 2268 2804 
1496 747 2518 3058 
1497 748 2169 2284 
1498 748 2472 2813 
1499 749 2049 2230 
1500 749 2365 2695 
1501 750 2111 2819 
1502 750 2870 2894 
1503 751 2850 3065 
1504 751 2376 2524 
1505 752 2055 2672 
1506 752 2131 2934 
1507 753 2269 2438 
1508 753 2835 2951 
1509 754 2544 2590 
1510 754 2231 2605 
1511 755 2634 2783 
1512 755 2189 2319 
1513 756 2955 3048 
1514 756 2174 2357 
1515 757 2058 2284 
1516 757 2428 2471 
1517 758 2405 2997 
1518 758 2050 2113 
1519 759 2324 2815 
1520 759 2527 2950 
1521 760 2075 2529 
1522 760 2352 2702 
1523 761 2773 2866 
1524 761 2088 3064 
1525 762 2781 3053 
1526 762 2669 2768 
1527 763 2069 2972 
1528 763 2255 2848 
1529 764 2496 2995 
1530 764 2483 2908 
1531 765 2212 2404 
1532 765 2351 2982 
1533 766 2146 2548 
1534 766 2764 2925 
1535 767 2281 2451 
1536 767 2720 2946 
1537 768 2303 2791 
1538 768 2820 2908 
1539 769 2103 2308 
1540 769 2067 2359 
1541 770 2594 2951 
1542 770 2440 2570 
1543 771 2227 2572 
1544 771 2716 2739 
1545 772 2163 2811 
1546 772 2259 2434 
1547 773 2655 2720 
1548 773 2135 2259 
1549 774 2433 2790 
1550 774 2531 2885 
1551 775 2241 2462 
1552 775 2818 2855 
1553 776 2648 3062 
1554 776 2633 2873 
1555 777 2107 2311 
1556 777 2944 3009 
1557 778 2155 2258 
1558 778 2442 2897 
1559 779 2078 2213 
1560 779 2213 2292 
1561 780 2081 2747 
1562 780 2689 3025 
1563 781 2330 2928 
1564 781 2269 2606 
1565 782 2635 2762 
1566 782 2384 2573 
1567 783 2639 2819 
1568 783 2060 2930 
1569 784 2302 2799 
1570 784 2091 2379 
1571 785 2323 3045 
1572 785 2282 2691 
1573 786 2465 2617 
1574 786 2619 3004 
1575 787 2093 2192 
1576 787 2233 2616 
1577 788 2086 2860 
1578 788 2052 2974 
1579 789 2104 2493 
1580 789 2562 2661 
1581 790 2843 2857 
1582 790 2935 3069 
1583 791 2150 2770 
1584 791 2957 2962 
1585 792 2685 2971 
1586 792 2795 2909 
1587 793 2514 3054 
1588 793 2527 2996 
1589 794 2365 3026 
1590 794 2726 2959 
1591 795 2853 3002 
1592 795 2123 2480 
1593 796 2863 2993 
1594 796 2047 2281 
1595 797 2654 2822 
1596 797 2337 2466 
1597 798 2654 2900 
1598 798 2184 2859 
1599 799 2400 2657 
1600 799 2730 3012 
1601 800 2118 2480 
1602 800 2944 2980 
1603 801 2738 3023 
1604 801 2149 2427 
1605 802 2347 2872 
1606 802 2433 2939 
1607 803 2519 2994 
1608 803 2869 2975 
1609 804 2560 2723 
1610 804 3019 3046 
1611 805 2456 2566 
1612 805 2616 3003 
1613 806 2219 2397 
1614 806 2100 2519 
1615 807 2275 2814 
1616 807 2168 2808 
1617 808 2134 2748 
1618 808 2105 2763 
1619 809 2151 2373 
1620 809 2743 2988 
1621 810 2712 3034 
1622 810 2238 2243 
1623 811 2179 2899 
1624 811 2403 2416 
1625 812 2285 2901 
1626 812 2438 2782 
1627 813 2469 2954 
1628 813 2112 2326 
1629 814 2161 2998 
1630 814 2204 2485 
1631 815 2094 3059 
1632 815 2106 2656 
1633 816 2052 2834 
1634 816 2522 2734 
1635 817 2653 3019 
1636 817 2800 2831 
1637 818 2114 2457 
1638 818 2354 2507 
1639 819 2151 2390 
1640 819 2133 2423 
1641 820 2937 3007 
1642 820 2374 2512 
1643 821 2230 2965 
1644 821 2169 2505 
1645 822 2564 2840 
1646 822 2154 2707 
1647 823 2746 3025 
1648 823 2810 2873 
1649 824 2321 2425 
1650 824 2216 2626 
1651 825 2297 2545 
1652 825 2475 3033 
1653 826 2693 3021 
1654 826 2064 2225 
1655 827 2477 2825 
1656 827 2386 2907 
1657 828 2152 2373 
1658 828 2396 2508 
1659 829 2501 3035 
1660 829 2175 3032 
1661 830 2721 2967 
1662 830 2511 2787 
1663 831 2419 2651 
1664 831 2337 2728 
1665 832 2645 2949 
1666 832 2300 2358 
1667 833 2706 2895 
1668 833 2099 2464 
1669 834 2953 3031 
1670 834 2582 2749 
1671 835 2312 2799 
1672 835 2338 2751 
1673 836 2703 2878 
1674 836 2240 2501 
1675 837 2178 2251 
1676 837 2142 2785 
1677 838 2102 2792 
1678 838 2491 2686 
1679 839 2335 2411 
1680 839 2829 2850 
1681 840 2481 2608 
1682 840 2912 3056 
1683 841 2772 2994 
1684 841 2156 2858 
1685 842 2570 2592 
1686 842 2386 3061 
1687 843 2084 2659 
1688 843 2495 2694 
1689 844 2662 3068 
1690 844 2070 3038 
1691 845 2162 2274 
1692 845 2296 2997 
1693 846 2140 2172 
1694 846 2256 2413 
1695 847 2671 3016 
1696 847 2260 2775 
1697 848 2769 3055 
1698 848 2473 2914 
1699 849 2983 3024 
1700 849 2395 2767 
1701 850 2056 2711 
1702 850 2359 2382 
1703 851 2872 2972 
1704 851 2181 2395 
1705 852 2516 2784 
1706 852 2143 2922 
1707 853 2107 2524 
1708 853 2174 2257 
1709 854 2398 2931 
1710 854 2716 2809 
1711 855 2658 2842 
1712 855 2132 2764 
1713 856 2393 2839 
1714 856 2241 2723 
1715 857 2823 2826 
1716 857 2603 2677 
1717 858 2288 2934 
1718 858 2486 2725 
1719 859 2061 2886 
1720 859 2055 2572 
1721 860 2307 2408 
1722 860 2990 3013 
1723 861 2837 2996 
1724 861 2412 2719 
1725 862 2177 2541 
1726 862 2544 2866 
1727 863 2630 3017 
1728 863 2330 3014 
1729 864 2339 2406 
1730 864 2201 2391 
1731 865 2631 2957 
1732 865 2727 2827 
1733 866 2162 2250 
1734 866 2147 2660 
1735 867 2618 2862 
1736 867 2566 2595 
1737 868 2580 2804 
1738 868 2322 2855 
1739 869 2674 2936 
1740 869 2680 2786 
1741 870 2290 2608 
1742 870 2314 3042 
1743 871 2494 2717 
1744 871 2315 2597 
1745 872 2201 2771 
1746 872 2551 2838 
1747 873 2242 2736 
1748 873 2077 2286 
1749 874 2059 2836 
1750 874 2205 2697 
1751 875 2138 2985 
1752 875 2171 2413 
1753 876 2439 2601 
1754 876 2211 3068 
1755 877 2293 2551 
1756 877 2225 2646 
1757 878 2490 2542 
1758 878 2812 2922 
1759 879 2074 2238 
1760 879 2092 2667 
1761 880 2521 2921 
1762 880 2710 2790 
1763 881 2197 2664 
1764 881 2184 2791 
1765 882 2327 2604 
1766 882 2504 2632 
1767 883 2638 2729 
1768 883 2056 2812 
1769 884 2087 2761 
1770 884 2286 2579 
1771 885 2620 2683 
1772 885 2698 2757 
1773 886 2609 2971 
1774 886 2183 2203 
1775 887 2513 2828 
1776 887 2262 2372 
1777 888 2087 2722 
1778 888 2463 2953 
1779 889 2730 2939 
1780 889 2108 2902 
1781 890 2126 2308 
1782 890 2407 2752 
1783 891 2054 2482 
1784 891 2430 2941 
1785 892 2210 2458 
1786 892 2198 2894 
1787 893 2249 3061 
1788 893 2244 2525 
1789 894 2062 2749 
1790 894 2421 3020 
1791 895 2418 2646 
1792 895 2497 3036 
1793 896 2369 2459 
1794 896 2137 2144 
1795 897 2342 2884 
1796 897 2109 2537 
1797 898 2356 2584 
1798 898 2420 3020 
1799 899 2194 2640 
1800 899 2364 2905 
1801 900 2095 2417 
1802 900 2070 2495 
1803 901 2585 2787 
1804 901 2500 2555 
1805 902 2079 2758 
1806 902 2491 2782 
1807 903 2164 2369 
1808 903 2129 2981 
1809 904 2145 2148 
1810 904 2244 2700 
1811 905 2871 2978 
1812 905 2157 2552 
1813 906 2429 3060 
1814 906 2592 2814 
1815 907 2722 3059 
1816 907 2102 3011 
1817 908 2283 2367 
1818 908 2316 2986 
1819 909 2101 2679 
1820 909 2326 2821 
1821 910 2528 2634 
1822 910 2136 2310 
1823 911 2515 2892 
1824 911 2059 2703 
1825 912 2440 2530 
1826 912 2343 3028 
1827 913 2349 2681 
1828 913 2170 2946 
1829 914 2139 2444 
1830 914 2923 2927 
1831 915 2125 2937 
1832 915 2472 2912 
1833 916 2263 2906 
1834 916 2237 2753 
1835 917 2331 2585 
1836 917 2057 2381 
1837 918 2305 2421 
1838 918 2180 2811 
1839 919 2212 2448 
1840 919 2196 2376 
1841 920 2053 2221 
1842 920 2058 2408 
1843 921 2522 2779 
1844 921 2456 2952 
1845 922 2320 2675 
1846 922 2441 2916 
1847 923 2130 2525 
1848 923 2312 2514 
1849 924 2083 2474 
1850 924 2818 3060 
1851 925 2350 2920 
1852 925 2948 2967 
1853 926 2983 2984 
1854 926 2140 2318 
1855 927 2134 2355 
1856 927 2096 2612 
1857 928 2271 2577 
1858 928 2557 2913 
1859 929 2252 2611 
1860 929 2757 2970 
1861 930 2231 2860 
1862 930 2317 2649 
1863 931 2802 3051 
1864 931 2208 2295 
1865 932 2209 3012 
1866 932 2425 2488 
1867 933 2200 2405 
1868 933 2584 2896 
1869 934 2500 2845 
1870 934 2090 2771 
1871 935 2920 3007 
1872 935 2830 3011 
1873 936 2399 2942 
1874 936 2402 2817 
1875 937 2260 2568 
1876 937 2498 2942 
1877 938 2626 2854 
1878 938 2794 2991 
1879 939 2589 2717 
1880 939 2332 2881 
1881 940 2666 2918 
1882 940 2298 2891 
1883 941 2841 2947 
1884 941 2619 2662 
1885 942 2069 2760 
1886 942 2781 2893 
1887 943 2214 2280 
1888 943 2176 2203 
1889 944 2676 3001 
1890 944 2432 2928 
1891 945 2254 2746 
1892 945 2463 3000 
1893 946 2273 2785 
1894 946 2138 2779 
1895 947 2856 3048 
1896 947 2383 2778 
1897 948 2419 2647 
1898 948 2459 2511 
1899 949 2719 2962 
1900 949 2083 2410 
1901 950 2891 2999 
1902 950 2635 2777 
1903 951 2297 2450 
1904 951 2331 2807 
1905 952 2092 2234 
1906 952 2521 2792 
1907 953 2535 2977 
1908 953 2229 2517 
1909 954 2149 2852 
1910 954 2341 2639 
1911 955 2122 2468 
1912 955 2094 2910 
1913 956 2560 3015 
1914 956 2462 2611 
1915 957 2261 2388 
1916 957 2191 2735 
1917 958 2453 3033 
1918 958 2832 2904 
1919 959 2135 2181 
1920 959 2363 2729 
1921 960 2688 2754 
1922 960 2192 2414 
1923 961 2509 2653 
1924 961 2973 3000 
1925 962 2575 2737 
1926 962 2477 2899 
1927 963 2356 2391 
1928 963 2193 2547 
1929 964 2367 2861 
1930 964 2221 2541 
1931 965 2492 2628 
1932 965 2789 3063 
1933 966 2847 3063 
1934 966 2363 2614 
1935 967 2105 2268 
1936 967 2431 2712 
1937 968 2172 2721 
1938 968 2772 3030 
1939 969 2820 2852 
1940 969 2097 2587 
1941 970 2049 2888 
1942 970 2066 2614 
1943 971 2607 2770 
1944 971 2992 3040 
1945 972 2057 2945 
1946 972 2392 2409 
1947 973 2322 2535 
1948 973 2534 2714 
1949 974 2047 2503 
1950 974 2385 2923 
1951 975 2773 3040 
1952 975 2645 2683 
1953 976 2756 2761 
1954 976 2334 3057 
1955 977 2623 3051 
1956 977 2461 2806 
1957 978 2966 3050 
1958 978 3010 3066 
1959 979 2202 2768 
1960 979 2310 2732 
1961 980 2168 2469 
1962 980 2538 2684 
1963 981 2776 3009 
1964 981 2344 2743 
1965 982 2085 2101 
1966 982 2353 3052 
1967 983 2252 2903 
1968 983 2333 2932 
1969 984 2136 2750 
1970 984 2125 2287 
1971 985 2442 2803 
1972 985 2370 2657 
1973 986 2531 2958 
1974 986 2217 2623 
1975 987 2454 2688 
1976 987 2451 2578 
1977 988 2643 2857 
1978 988 2227 2272 
1979 989 2218 2625 
1980 989 2263 3067 
1981 990 2063 2843 
1982 990 2080 2755 
1983 991 2207 2307 
1984 991 2313 2875 
1985 992 2245 2737 
1986 992 2120 2128 
1987 993 2434 2829 
1988 993 2165 2523 
1989 994 2401 2868 
1990 994 2446 2801 
1991 995 2224 2303 
1992 995 2668 2786 
1993 996 2355 2546 
1994 996 2265 2845 
1995 997 2114 2306 
1996 997 2158 2377 
1997 998 2484 2969 
1998 998 2219 2536 
1999 999 2333 2370 
2000 999 2160 2606 
2001 1000 2127 2990 
2002 1000 2289 2678 
2003 1001 2131 2518 
2004 1001 2185 2727 
2005 1002 2915 3001 
2006 1002 2073 2610 
2007 1003 2082 2520 
2008 1003 2350 2609 
2009 1004 2121 2960 
2010 1004 2482 2941 
2011 1005 2304 2595 
2012 1005 2095 2763 
2013 1006 2437 2851 
2014 1006 2050 2193 
2015 1007 2360 3045 
2016 1007 2224 2798 
2017 1008 2663 3064 
2018 1008 2553 2919 
2019 1009 2808 2836 
2020 1009 2163 2607 
2021 1010 2336 2502 
2022 1010 2228 2239 
2023 1011 2112 2277 
2024 1011 2490 2756 
2025 1012 2157 2470 
2026 1012 2171 2660 
2027 1013 2156 2377 
2028 1013 2063 2304 
2029 1014 2248 3021 
2030 1014 2128 3052 
2031 1015 2617 3065 
2032 1015 2539 2867 
2033 1016 2580 2602 
2034 1016 2973 3043 
2035 1017 2540 2796 
2036 1017 2170 2724 
2037 1018 2352 3035 
2038 1018 2348 2424 
2039 1019 2122 2368 
2040 1019 2099 2591 
2041 1020 2760 2875 
2042 1020 2276 2979 
2043 1021 2064 2704 
2044 1021 2489 2784 
2045 1022 2905 3016 
2046 1022 2247 2929 
2047 1594 1949 3071 
2048 1151 1350 3071 
2049 1499 1941 3072 
2050 1518 2014 3072 
2051 1415 1419 3073 
2052 1578 1633 3073 
2053 1326 1841 3074 
2054 1163 1783 3074 
2055 1505 1720 3075 
2056 1701 1768 3075 
2057 1836 1945 3076 
2058 1515 1842 3076 
2059 1749 1824 3077 
2060 1178 1568 3077 
2061 1300 1719 3078 
2062 1369 1789 3078 
2063 1981 2028 3079 
2064 1654 2043 3079 
2065 1336 1367 3080 
2066 1444 1942 3080 
2067 1355 1540 3081 
2068 1197 1328 3081 
2069 1527 1885 3082 
2070 1690 1802 3082 
2071 1306 1312 3083 
2072 1343 1432 3083 
2073 1100 2006 3084 
2074 1145 1759 3084 
2075 1226 1521 3085 
2076 1285 1429 3085 
2077 1278 1748 3086 
2078 1023 1559 3086 
2079 1050 1805 3087 
2080 1109 1982 3087 
2081 1380 1561 3088 
2082 1260 2007 3088 
2083 1849 1900 3089 
2084 1307 1687 3089 
2085 1034 1965 3090 
2086 1066 1577 3090 
2087 1769 1777 3091 
2088 1079 1524 3091 
2089 1207 1234 3092 
2090 1443 1870 3092 
2091 1192 1570 3093 
2092 1760 1905 3093 
2093 1141 1575 3094 
2094 1631 1912 3094 
2095 1801 2012 3095 
2096 1491 1856 3095 
2097 1058 1940 3096 
2098 1089 1247 3096 
2099 1668 2040 3097 
2100 1211 1614 3097 
2101 1819 1965 3098 
2102 1677 1816 3098 
2103 1458 1539 3099 
2104 1210 1579 3099 
2105 1618 1935 3100 
2106 1462 1632 3100 
2107 1555 1707 3101 
2108 1378 1780 3101 
2109 1029 1796 3102 
2110 1407 1439 3102 
2111 1054 1501 3103 
2112 1628 2023 3103 
2113 1146 1518 3104 
2114 1637 1995 3104 
2115 1185 1377 3105 
2116 1097 1283 3105 
2117 1130 1346 3106 
2118 1327 1601 3106 
2119 1323 1352 3107 
2120 1249 1986 3107 
2121 1129 2009 3108 
2122 1911 2039 3108 
2123 1324 1592 3109 
2124 1441 1465 3109 
2125 1831 1970 3110 
2126 1081 1781 3110 
2127 1028 2001 3111 
2128 1986 2030 3111 
2129 1375 1808 3112 
2130 1354 1847 3112 
2131 1506 2003 3113 
2132 1165 1712 3113 
2133 1219 1640 3114 
2134 1617 1855 3114 
2135 1548 1919 3115 
2136 1822 1969 3115 
2137 1177 1794 3116 
2138 1751 1894 3116 
2139 1461 1829 3117 
2140 1693 1854 3117 
2141 1175 1298 3118 
2142 1093 1676 3118 
2143 1416 1706 3119 
2144 1463 1794 3119 
2145 1235 1809 3120 
2146 1119 1533 3120 
2147 1494 1734 3121 
2148 1313 1809 3121 
2149 1604 1909 3122 
2150 1342 1583 3122 
2151 1619 1639 3123 
2152 1181 1657 3123 
2153 1204 1436 3124 
2154 1418 1646 3124 
2155 1482 1557 3125 
2156 1684 2027 3125 
2157 1812 2025 3126 
2158 1440 1996 3126 
2159 1439 1475 3127 
2160 1215 2000 3127 
2161 1182 1629 3128 
2162 1691 1733 3128 
2163 1545 2020 3129 
2164 1332 1807 3129 
2165 1398 1988 3130 
2166 1048 1400 3130 
2167 1153 1213 3131 
2168 1616 1961 3131 
2169 1497 1644 3132 
2170 1828 2036 3132 
2171 1752 2026 3133 
2172 1693 1937 3133 
2173 1374 1391 3134 
2174 1514 1708 3134 
2175 1443 1660 3135 
2176 1333 1888 3135 
2177 1203 1725 3136 
2178 1358 1675 3136 
2179 1106 1623 3137 
2180 1348 1838 3137 
2181 1704 1919 3138 
2182 1057 1456 3138 
2183 1186 1774 3139 
2184 1598 1764 3139 
2185 1070 2004 3140 
2186 1053 1480 3140 
2187 1087 1244 3141 
2188 1100 1480 3141 
2189 1227 1512 3142 
2190 1025 1120 3142 
2191 1085 1916 3143 
2192 1575 1922 3143 
2193 1928 2014 3144 
2194 1312 1799 3144 
2195 1066 1379 3145 
2196 1324 1840 3145 
2197 1487 1763 3146 
2198 1334 1786 3146 
2199 1096 1359 3147 
2200 1154 1867 3147 
2201 1730 1745 3148 
2202 1448 1959 3148 
2203 1774 1888 3149 
2204 1031 1630 3149 
2205 1147 1750 3150 
2206 1307 1446 3150 
2207 1165 1983 3151 
2208 1240 1864 3151 
2209 1166 1865 3152 
2210 1414 1785 3152 
2211 1284 1754 3153 
2212 1531 1839 3153 
2213 1559 1560 3154 
2214 1408 1887 3154 
2215 1023 1187 3155 
2216 1486 1650 3155 
2217 1399 1974 3156 
2218 1273 1979 3156 
2219 1613 1998 3157 
2220 1252 1381 3157 
2221 1841 1930 3158 
2222 1117 1476 3158 
2223 1361 1464 3159 
2224 1991 2016 3159 
2225 1654 1756 3160 
2226 1179 1263 3160 
2227 1543 1978 3161 
2228 1489 2022 3161 
2229 1098 1908 3162 
2230 1499 1643 3162 
2231 1510 1861 3163 
2232 1024 1460 3163 
2233 1294 1576 3164 
2234 1413 1905 3164 
2235 1093 1262 3165 
2236 1128 1130 3165 
2237 1347 1834 3166 
2238 1622 1759 3166 
2239 1148 2022 3167 
2240 1271 1674 3167 
2241 1551 1714 3168 
2242 1277 1747 3168 
2243 1068 1622 3169 
2244 1788 1810 3169 
2245 1074 1985 3170 
2246 1212 1243 3170 
2247 1167 2046 3171 
2248 1366 2029 3171 
2249 1371 1787 3172 
2250 1360 1733 3172 
2251 1335 1675 3173 
2252 1859 1967 3173 
2253 1228 1375 3174 
2254 1423 1891 3174 
2255 1391 1528 3175 
2256 1356 1694 3175 
2257 1316 1708 3176 
2258 1118 1557 3176 
2259 1546 1548 3177 
2260 1696 1875 3177 
2261 1410 1915 3178 
2262 1250 1776 3178 
2263 1833 1980 3179 
2264 1140 1309 3179 
2265 1304 1994 3180 
2266 1209 1349 3180 
2267 1071 1186 3181 
2268 1495 1935 3181 
2269 1507 1564 3182 
2270 1174 1455 3182 
2271 1159 1857 3183 
2272 1126 1978 3183 
2273 1063 1893 3184 
2274 1144 1691 3184 
2275 1345 1615 3185 
2276 1308 2042 3185 
2277 1096 2023 3186 
2278 1228 1286 3186 
2279 1109 1373 3187 
2280 1086 1887 3187 
2281 1535 1594 3188 
2282 1108 1572 3188 
2283 1276 1817 3189 
2284 1497 1515 3189 
2285 1166 1625 3190 
2286 1748 1770 3190 
2287 1207 1970 3191 
2288 1135 1717 3191 
2289 1484 2002 3192 
2290 1421 1741 3192 
2291 1336 1404 3193 
2292 1406 1560 3193 
2293 1045 1755 3194 
2294 1211 1398 3194 
2295 1121 1864 3195 
2296 1313 1692 3195 
2297 1651 1903 3196 
2298 1219 1882 3196 
2299 1420 1493 3197 
2300 1289 1666 3197 
2301 1108 1409 3198 
2302 1117 1569 3198 
2303 1537 1991 3199 
2304 2011 2028 3199 
2305 1232 1837 3200 
2306 1101 1995 3200 
2307 1721 1983 3201 
2308 1539 1781 3201 
2309 1291 1446 3202 
2310 1822 1960 3202 
2311 1255 1555 3203 
2312 1671 1848 3203 
2313 1150 1984 3204 
2314 1149 1742 3204 
2315 1483 1744 3205 
2316 1485 1818 3205 
2317 1237 1862 3206 
2318 1212 1854 3206 
2319 1449 1512 3207 
2320 1468 1845 3207 
2321 1372 1649 3208 
2322 1738 1947 3208 
2323 1163 1571 3209 
2324 1453 1519 3209 
2325 1343 1353 3210 
2326 1628 1820 3210 
2327 1169 1765 3211 
2328 1074 1319 3211 
2329 1084 1361 3212 
2330 1563 1728 3212 
2331 1835 1904 3213 
2332 1035 1880 3213 
2333 1968 1999 3214 
2334 1315 1954 3214 
2335 1457 1679 3215 
2336 1301 2021 3215 
2337 1596 1664 3216 
2338 1169 1672 3216 
2339 1134 1729 3217 
2340 1143 1193 3217 
2341 1072 1910 3218 
2342 1131 1795 3218 
2343 1344 1826 3219 
2344 1458 1964 3219 
2345 1157 1292 3220 
2346 1387 1490 3220 
2347 1473 1605 3221 
2348 1115 2038 3221 
2349 1243 1827 3222 
2350 1851 2008 3222 
2351 1453 1532 3223 
2352 1522 2037 3223 
2353 1322 1966 3224 
2354 1442 1638 3224 
2355 1855 1993 3225 
2356 1797 1927 3225 
2357 1043 1514 3226 
2358 1431 1666 3226 
2359 1540 1702 3227 
2360 1098 2015 3227 
2361 1065 1221 3228 
2362 1200 1253 3228 
2363 1920 1934 3229 
2364 1180 1800 3229 
2365 1500 1589 3230 
2366 1046 1270 3230 
2367 1817 1929 3231 
2368 1263 2039 3231 
2369 1793 1807 3232 
2370 1972 1999 3232 
2371 1245 1272 3233 
2372 1444 1776 3233 
2373 1619 1657 3234 
2374 1265 1642 3234 
2375 1146 1218 3235 
2376 1504 1840 3235 
2377 1996 2027 3236 
2378 1179 1234 3236 
2379 1362 1570 3237 
2380 1369 1402 3237 
2381 1351 1836 3238 
2382 1393 1702 3238 
2383 1110 1896 3239 
2384 1204 1566 3239 
2385 1102 1950 3240 
2386 1656 1686 3240 
2387 1057 1331 3241 
2388 1261 1915 3241 
2389 1281 1478 3242 
2390 1174 1639 3242 
2391 1730 1927 3243 
2392 1337 1946 3243 
2393 1214 1713 3244 
2394 1323 1390 3244 
2395 1700 1704 3245 
2396 1184 1658 3245 
2397 1116 1613 3246 
2398 1075 1709 3246 
2399 1126 1873 3247 
2400 1191 1599 3247 
2401 1189 1989 3248 
2402 1114 1874 3248 
2403 1294 1624 3249 
2404 1208 1531 3249 
2405 1517 1867 3250 
2406 1267 1729 3250 
2407 1317 1782 3251 
2408 1721 1842 3251 
2409 1457 1946 3252 
2410 1080 1900 3252 
2411 1196 1679 3253 
2412 1296 1724 3253 
2413 1694 1752 3254 
2414 1187 1922 3254 
2415 1158 1454 3255 
2416 1384 1624 3255 
2417 1466 1801 3256 
2418 1041 1791 3256 
2419 1663 1897 3257 
2420 1112 1798 3257 
2421 1790 1837 3258 
2422 1035 1401 3258 
2423 1450 1640 3259 
2424 1309 2038 3259 
2425 1649 1866 3260 
2426 1083 1189 3260 
2427 1110 1604 3261 
2428 1434 1516 3261 
2429 1483 1813 3262 
2430 1225 1784 3262 
2431 1280 1936 3263 
2432 1127 1890 3263 
2433 1549 1606 3264 
2434 1546 1987 3264 
2435 1202 1428 3265 
2436 1061 1299 3265 
2437 1183 2013 3266 
2438 1507 1626 3266 
2439 1346 1753 3267 
2440 1542 1825 3267 
2441 1060 1846 3268 
2442 1558 1971 3268 
2443 1123 1236 3269 
2444 1426 1829 3269 
2445 1112 1201 3270 
2446 1183 1990 3270 
2447 1380 1462 3271 
2448 1030 1839 3271 
2449 1077 1214 3272 
2450 1147 1903 3272 
2451 1535 1976 3273 
2452 1157 1190 3273 
2453 1319 1917 3274 
2454 1197 1975 3274 
2455 1269 1270 3275 
2456 1611 1844 3275 
2457 1342 1637 3276 
2458 1268 1785 3276 
2459 1793 1898 3277 
2460 1253 1371 3277 
2461 1481 1956 3278 
2462 1551 1914 3278 
2463 1778 1892 3279 
2464 1328 1668 3279 
2465 1192 1573 3280 
2466 1041 1596 3280 
2467 1119 1125 3281 
2468 1223 1911 3281 
2469 1627 1961 3282 
2470 1364 2025 3282 
2471 1124 1516 3283 
2472 1498 1832 3283 
2473 1064 1698 3284 
2474 1180 1849 3284 
2475 1297 1652 3285 
2476 1221 1254 3285 
2477 1655 1926 3286 
2478 1188 1464 3286 
2479 1395 1486 3287 
2480 1592 1601 3287 
2481 1167 1681 3288 
2482 1783 2010 3288 
2483 1341 1530 3289 
2484 1241 1997 3289 
2485 1438 1630 3290 
2486 1477 1718 3290 
2487 1195 1301 3291 
2488 1080 1866 3291 
2489 1372 2044 3292 
2490 1757 2024 3292 
2491 1678 1806 3293 
2492 1427 1931 3293 
2493 1064 1579 3294 
2494 1424 1743 3294 
2495 1688 1802 3295 
2496 1201 1529 3295 
2497 1292 1792 3296 
2498 1429 1876 3296 
2499 1037 1385 3297 
2500 1804 1869 3297 
2501 1659 1674 3298 
2502 1388 2021 3298 
2503 1055 1949 3299 
2504 1132 1766 3299 
2505 1178 1644 3300 
2506 1055 1388 3300 
2507 1261 1638 3301 
2508 1086 1658 3301 
2509 1341 1923 3302 
2510 1340 1428 3302 
2511 1662 1898 3303 
2512 1230 1642 3303 
2513 1435 1775 3304 
2514 1587 1848 3304 
2515 1386 1823 3305 
2516 1143 1705 3305 
2517 1239 1908 3306 
2518 1496 2003 3306 
2519 1607 1614 3307 
2520 1370 2007 3307 
2521 1761 1906 3308 
2522 1634 1843 3308 
2523 1339 1988 3309 
2524 1504 1707 3309 
2525 1788 1847 3310 
2526 1058 1325 3310 
2527 1520 1588 3311 
2528 1133 1821 3311 
2529 1412 1521 3312 
2530 1148 1825 3312 
2531 1550 1973 3313 
2532 1149 1256 3313 
2533 1164 1376 3314 
2534 1139 1948 3314 
2535 1907 1947 3315 
2536 1394 1998 3315 
2537 1335 1796 3316 
2538 1091 1962 3316 
2539 1138 2032 3317 
2540 1493 2035 3317 
2541 1725 1930 3318 
2542 1422 1757 3318 
2543 1208 1217 3319 
2544 1509 1726 3319 
2545 1198 1651 3320 
2546 1069 1993 3320 
2547 1258 1928 3321 
2548 1435 1533 3321 
2549 1092 1123 3322 
2550 1358 1389 3322 
2551 1746 1755 3323 
2552 1318 1812 3323 
2553 1052 2018 3324 
2554 1102 1465 3324 
2555 1395 1804 3325 
2556 1137 1383 3325 
2557 1223 1858 3326 
2558 1276 1357 3326 
2559 1135 1333 3327 
2560 1609 1913 3327 
2561 1245 1389 3328 
2562 1088 1580 3328 
2563 1047 1370 3329 
2564 1353 1645 3329 
2565 1318 1365 3330 
2566 1611 1736 3330 
2567 1114 1474 3331 
2568 1477 1875 3331 
2569 1087 1249 3332 
2570 1542 1685 3332 
2571 1077 1410 3333 
2572 1543 1720 3333 
2573 1379 1566 3334 
2574 1255 1484 3334 
2575 1145 1925 3335 
2576 1222 1314 3335 
2577 1349 1857 3336 
2578 1150 1976 3336 
2579 1229 1770 3337 
2580 1737 2033 3337 
2581 1131 1344 3338 
2582 1485 1670 3338 
2583 1273 1338 3339 
2584 1797 1868 3339 
2585 1803 1835 3340 
2586 1348 1466 3340 
2587 1090 1940 3341 
2588 1310 1417 3341 
2589 1278 1879 3342 
2590 1287 1509 3342 
2591 1397 2040 3343 
2592 1685 1814 3343 
2593 1224 1248 3344 
2594 1400 1541 3344 
2595 1736 2011 3345 
2596 1295 1399 3345 
2597 1247 1744 3346 
2598 1154 1220 3346 
2599 1073 1193 3347 
2600 1026 1231 3347 
2601 1103 1753 3348 
2602 1488 2033 3348 
2603 1029 1716 3349 
2604 1044 1765 3349 
2605 1089 1510 3350 
2606 1564 2000 3350 
2607 1943 2020 3351 
2608 1681 1741 3351 
2609 1773 2008 3352 
2610 1282 2006 3352 
2611 1859 1914 3353 
2612 1152 1856 3353 
2613 1036 1067 3354 
2614 1934 1942 3354 
2615 1095 1237 3355 
2616 1576 1612 3355 
2617 1573 2031 3356 
2618 1085 1735 3356 
2619 1574 1884 3357 
2620 1076 1771 3357 
2621 1171 1350 3358 
2622 1164 1382 3358 
2623 1955 1974 3359 
2624 1266 1417 3359 
2625 1254 1979 3360 
2626 1650 1877 3360 
2627 1430 1467 3361 
2628 1140 1931 3361 
2629 1059 1067 3362 
2630 1024 1727 3362 
2631 1359 1731 3363 
2632 1226 1766 3363 
2633 1051 1554 3364 
2634 1511 1821 3364 
2635 1565 1902 3365 
2636 1445 1447 3365 
2637 1127 1232 3366 
2638 1216 1767 3366 
2639 1567 1910 3367 
2640 1095 1799 3367 
2641 1078 1296 3368 
2642 1152 1241 3368 
2643 1490 1977 3369 
2644 1062 1268 3369 
2645 1665 1952 3370 
2646 1756 1791 3370 
2647 1492 1897 3371 
2648 1190 1553 3371 
2649 1305 1862 3372 
2650 1105 1479 3372 
2651 1311 1663 3373 
2652 1106 1290 3373 
2653 1635 1923 3374 
2654 1595 1597 3374 
2655 1299 1547 3375 
2656 1331 1632 3375 
2657 1599 1972 3376 
2658 1264 1711 3376 
2659 1160 1687 3377 
2660 1734 2026 3377 
2661 1155 1580 3378 
2662 1689 1884 3378 
2663 1262 2017 3379 
2664 1491 1763 3379 
2665 1216 1407 3380 
2666 1421 1881 3380 
2667 1185 1760 3381 
2668 1467 1992 3381 
2669 1271 1526 3382 
2670 1073 1384 3382 
2671 1406 1695 3383 
2672 1195 1505 3383 
2673 1295 1405 3384 
2674 1205 1739 3384 
2675 1347 1845 3385 
2676 1034 1889 3385 
2677 1423 1716 3386 
2678 1141 2002 3386 
2679 1456 1819 3387 
2680 1060 1740 3387 
2681 1257 1827 3388 
2682 1162 1332 3388 
2683 1771 1952 3389 
2684 1025 1962 3389 
2685 1403 1585 3390 
2686 1433 1678 3390 
2687 1290 1470 3391 
2688 1921 1975 3391 
2689 1144 1562 3392 
2690 1099 1451 3392 
2691 1463 1572 3393 
2692 1053 1111 3393 
2693 1238 1653 3394 
2694 1396 1688 3394 
2695 1459 1500 3395 
2696 1044 1330 3395 
2697 1052 1750 3396 
2698 1032 1772 3396 
2699 1374 1471 3397 
2700 1188 1810 3397 
2701 1092 1425 3398 
2702 1239 1522 3398 
2703 1673 1824 3399 
2704 1121 2043 3399 
2705 1206 1470 3400 
2706 1038 1667 3400 
2707 1107 1646 3401 
2708 1181 1363 3401 
2709 1049 1231 3402 
2710 1267 1762 3402 
2711 1175 1701 3403 
2712 1621 1936 3403 
2713 1242 1478 3404 
2714 1030 1948 3404 
2715 1264 1472 3405 
2716 1544 1710 3405 
2717 1743 1879 3406 
2718 1065 1134 3406 
2719 1724 1899 3407 
2720 1536 1547 3407 
2721 1661 1937 3408 
2722 1777 1815 3408 
2723 1609 1714 3409 
2724 1257 2036 3409 
2725 1196 1718 3410 
2726 1445 1590 3410 
2727 1732 2004 3411 
2728 1248 1664 3411 
2729 1767 1920 3412 
2730 1600 1779 3412 
2731 1366 1471 3413 
2732 1182 1960 3413 
2733 1355 1403 3414 
2734 1469 1634 3414 
2735 1101 1916 3415 
2736 1039 1747 3415 
2737 1925 1985 3416 
2738 1482 1603 3416 
2739 1274 1544 3417 
2740 1040 1363 3417 
2741 1081 1298 3418 
2742 1242 1330 3418 
2743 1620 1964 3419 
2744 1281 1415 3419 
2745 1124 1173 3420 
2746 1647 1891 3420 
2747 1246 1561 3421 
2748 1122 1617 3421 
2749 1670 1789 3422 
2750 1475 1969 3422 
2751 1252 1672 3423 
2752 1047 1782 3423 
2753 1329 1834 3424 
2754 1235 1921 3424 
2755 1151 1982 3425 
2756 1953 2024 3425 
2757 1772 1860 3426 
2758 1139 1805 3426 
2759 1107 1250 3427 
2760 1885 2041 3427 
2761 1769 1953 3428 
2762 1032 1565 3428 
2763 1618 2012 3429 
2764 1534 1712 3429 
2765 1320 1424 3430 
2766 1378 1436 3430 
2767 1160 1700 3431 
2768 1526 1959 3431 
2769 1286 1697 3432 
2770 1583 1943 3432 
2771 1745 1870 3433 
2772 1683 1938 3433 
2773 1523 1951 3434 
2774 1099 1412 3434 
2775 1297 1696 3435 
2776 1280 1963 3435 
2777 1354 1902 3436 
2778 1393 1896 3436 
2779 1843 1894 3437 
2780 1272 1287 3437 
2781 1525 1886 3438 
2782 1626 1806 3438 
2783 1396 1511 3439 
2784 1705 2044 3439 
2785 1676 1893 3440 
2786 1740 1992 3440 
2787 1662 1803 3441 
2788 1356 1469 3441 
2789 1132 1932 3442 
2790 1549 1762 3442 
2791 1537 1764 3443 
2792 1677 1906 3443 
2793 1233 1377 3444 
2794 1414 1878 3444 
2795 1236 1586 3445 
2796 1133 2035 3445 
2797 1266 1450 3446 
2798 1302 2016 3446 
2799 1569 1671 3447 
2800 1397 1636 3447 
2801 1076 1990 3448 
2802 1492 1863 3448 
2803 1430 1971 3449 
2804 1495 1737 3449 
2805 1198 1329 3450 
2806 1433 1956 3450 
2807 1071 1904 3451 
2808 1616 2019 3451 
2809 1091 1710 3452 
2810 1269 1648 3452 
2811 1545 1838 3453 
2812 1758 1768 3453 
2813 1153 1498 3454 
2814 1615 1814 3454 
2815 1082 1519 3455 
2816 1203 1488 3455 
2817 1481 1874 3456 
2818 1552 1850 3456 
2819 1501 1567 3457 
2820 1538 1939 3457 
2821 1176 1820 3458 
2822 1289 1595 3458 
2823 1476 1715 3459 
2824 1321 1440 3459 
2825 1455 1655 3460 
2826 1316 1715 3460 
2827 1405 1732 3461 
2828 1411 1775 3461 
2829 1680 1987 3462 
2830 1159 1872 3462 
2831 1368 1636 3463 
2832 1373 1918 3463 
2833 1283 1432 3464 
2834 1376 1633 3464 
2835 1473 1508 3465 
2836 1749 2019 3465 
2837 1427 1723 3466 
2838 1229 1746 3466 
2839 1176 1713 3467 
2840 1256 1645 3467 
2841 1240 1883 3468 
2842 1317 1711 3468 
2843 1581 1981 3469 
2844 1265 1449 3469 
2845 1869 1994 3470 
2846 1054 1386 3470 
2847 1227 1933 3471 
2848 1199 1528 3471 
2849 1051 1061 3472 
2850 1503 1680 3472 
2851 1094 2013 3473 
2852 1909 1939 3473 
2853 1070 1591 3474 
2854 1220 1877 3474 
2855 1552 1738 3475 
2856 1258 1895 3475 
2857 1581 1977 3476 
2858 1205 1684 3476 
2859 1441 1598 3477 
2860 1577 1861 3477 
2861 1191 1929 3478 
2862 1111 1735 3478 
2863 1447 1593 3479 
2864 1037 1285 3479 
2865 1026 1308 3480 
2866 1523 1726 3480 
2867 1367 2032 3481 
2868 1155 1989 3481 
2869 1244 1608 3482 
2870 1209 1502 3482 
2871 1097 1811 3483 
2872 1605 1703 3483 
2873 1554 1648 3484 
2874 1303 1489 3484 
2875 1984 2041 3485 
2876 1302 1487 3485 
2877 1173 1468 3486 
2878 1310 1673 3486 
2879 1162 1419 3487 
2880 1172 1494 3487 
2881 1031 1880 3488 
2882 1275 1425 3488 
2883 1282 1306 3489 
2884 1259 1795 3489 
2885 1194 1550 3490 
2886 1184 1719 3490 
2887 1115 1156 3491 
2888 1170 1941 3491 
2889 1038 1238 3492 
2890 1420 1442 3492 
2891 1882 1901 3493 
2892 1233 1823 3493 
2893 1094 1886 3494 
2894 1502 1786 3494 
2895 1072 1667 3495 
2896 1116 1868 3495 
2897 1217 1558 3496 
2898 1056 1279 3496 
2899 1623 1926 3497 
2900 1352 1597 3497 
2901 1049 1625 3498 
2902 1200 1780 3498 
2903 1083 1967 3499 
2904 1230 1918 3499 
2905 1800 2045 3500 
2906 1039 1833 3500 
2907 1291 1656 3501 
2908 1530 1538 3501 
2909 1050 1586 3502 
2910 1129 1912 3502 
2911 1288 1368 3503 
2912 1682 1832 3503 
2913 1322 1858 3504 
2914 1382 1698 3504 
2915 1360 2005 3505 
2916 1045 1846 3505 
2917 1062 1170 3506 
2918 1142 1881 3506 
2919 1206 2018 3507 
2920 1851 1871 3507 
2921 1383 1761 3508 
2922 1706 1758 3508 
2923 1830 1950 3509 
2924 1168 1413 3509 
2925 1293 1534 3510 
2926 1305 1357 3510 
2927 1078 1830 3511 
2928 1563 1890 3511 
2929 1340 2046 3512 
2930 1042 1568 3512 
2931 1028 1709 3513 
2932 1218 1968 3513 
2933 1168 1437 3514 
2934 1506 1717 3514 
2935 1300 1582 3515 
2936 1339 1739 3515 
2937 1641 1831 3516 
2938 1438 1472 3516 
2939 1606 1779 3517 
2940 1046 1411 3517 
2941 1784 2010 3518 
2942 1873 1876 3518 
2943 1224 1454 3519 
2944 1556 1602 3519 
2945 1048 1945 3520 
2946 1536 1828 3520 
2947 1392 1883 3521 
2948 1277 1852 3521 
2949 1451 1665 3522 
2950 1416 1520 3522 
2951 1508 1541 3523 
2952 1334 1844 3523 
2953 1669 1778 3524 
2954 1345 1627 3524 
2955 1260 1513 3525 
2956 1027 1161 3525 
2957 1584 1731 3526 
2958 1137 1973 3526 
2959 1459 1590 3527 
2960 1362 2009 3527 
2961 1452 1460 3528 
2962 1584 1899 3528 
2963 1069 1138 3529 
2964 1120 1161 3529 
2965 1125 1643 3530 
2966 1327 1957 3530 
2967 1661 1852 3531 
2968 1213 1418 3531 
2969 1171 1997 3532 
2970 1063 1860 3532 
2971 1585 1773 3533 
2972 1527 1703 3533 
2973 1924 2034 3534 
2974 1056 1578 3534 
2975 1409 1608 3535 
2976 1215 1422 3535 
2977 1390 1907 3536 
2978 1293 1811 3536 
2979 1068 2042 3537 
2980 1222 1602 3537 
2981 1288 1808 3538 
2982 1251 1532 3538 
2983 1699 1853 3539 
2984 1042 1853 3539 
2985 1105 1751 3540 
2986 1104 1818 3540 
2987 1128 1315 3541 
2988 1404 1620 3541 
2989 1284 1326 3542 
2990 1722 2001 3542 
2991 1311 1878 3543 
2992 1082 1944 3543 
2993 1158 1593 3544 
2994 1607 1683 3544 
2995 1210 1529 3545 
2996 1588 1723 3545 
2997 1517 1692 3546 
2998 1394 1629 3546 
2999 1426 1901 3547 
3000 1892 1924 3547 
3001 1889 2005 3548 
3002 1084 1591 3548 
3003 1199 1612 3549 
3004 1142 1574 3549 
3005 1402 1479 3550 
3006 1246 1431 3550 
3007 1641 1871 3551 
3008 1202 1351 3551 
3009 1556 1963 3552 
3010 1279 1958 3552 
3011 1816 1872 3553 
3012 1600 1865 3553 
3013 1225 1722 3554 
3014 1325 1728 3554 
3015 1338 1913 3555 
3016 1695 2045 3555 
3017 1437 1727 3556 
3018 1059 1452 3556 
3019 1610 1635 3557 
3020 1790 1798 3557 
3021 1653 2029 3558 
3022 1104 1401 3558 
3023 1320 1603 3559 
3024 1303 1699 3559 
3025 1562 1647 3560 
3026 1365 1589 3560 
3027 1090 1259 3561 
3028 1275 1826 3561 
3029 1113 1136 3562 
3030 1136 1938 3562 
3031 1387 1669 3563 
3032 1274 1660 3563 
3033 1652 1917 3564 
3034 1304 1621 3564 
3035 1659 2037 3565 
3036 1337 1792 3565 
3037 1040 1461 3566 
3038 1113 1690 3566 
3039 1381 1408 3567 
3040 1944 1951 3567 
3041 1033 1172 3568 
3042 1118 1742 3568 
3043 1392 2034 3569 
3044 1156 1314 3569 
3045 1571 2015 3570 
3046 1033 1610 3570 
3047 1088 1177 3571 
3048 1513 1895 3571 
3049 1075 1251 3572 
3050 1321 1957 3572 
3051 1863 1955 3573 
3052 1966 2030 3573 
3053 1364 1525 3574 
3054 1103 1587 3574 
3055 1043 1697 3575 
3056 1474 1682 3575 
3057 1079 1954 3576 
3058 1385 1496 3576 
3059 1631 1815 3577 
3060 1813 1850 3577 
3061 1686 1787 3578 
3062 1122 1553 3578 
3063 1932 1933 3579 
3064 1524 2017 3579 
3065 1503 2031 3580 
3066 1036 1958 3580 
3067 1434 1980 3581 
3068 1689 1754 3581 
3069 1448 1582 3582 
3070 1027 1194 3582 
3071 2047 2048 3583 
3072 2049 2050 3583 
3073 2051 2052 3584 
3074 2053 2054 3584 
3075 2055 2056 3585 
3076 2057 2058 3585 
3077 2059 2060 3586 
3078 2061 2062 3586 
3079 2063 2064 3587 
3080 2065 2066 3587 
3081 2067 2068 3588 
3082 2069 2070 3588 
3083 2071 2072 3589 
3084 2073 2074 3589 
3085 2075 2076 3590 
3086 2077 2078 3590 
3087 2079 2080 3591 
3088 2081 2082 3591 
3089 2083 2084 3592 
3090 2085 2086 3592 
3091 2087 2088 3593 
3092 2089 2090 3593 
3093 2091 2092 3594 
3094 2093 2094 3594 
3095 2095 2096 3595 
3096 2097 2098 3595 
3097 2099 2100 3596 
3098 2101 2102 3596 
3099 2103 2104 3597 
3100 2105 2106 3597 
3101 2107 2108 3598 
3102 2109 2110 3598 
3103 2111 2112 3599 
3104 2113 2114 3599 
3105 2115 2116 3600 
3106 2117 2118 3600 
3107 2119 2120 3601 
3108 2121 2122 3601 
3109 2123 2124 3602 
3110 2125 2126 3602 
3111 2127 2128 3603 
3112 2129 2130 3603 
3113 2131 2132 3604 
3114 2133 2134 3604 
3115 2135 2136 3605 
3116 2137 2138 3605 
3117 2139 2140 3606 
3118 2141 2142 3606 
3119 2143 2144 3607 
3120 2145 2146 3607 
3121 2147 2148 3608 
3122 2149 2150 3608 
3123 2151 2152 3609 
3124 2153 2154 3609 
3125 2155 2156 3610 
3126 2157 2158 3610 
3127 2159 2160 3611 
3128 2161 2162 3611 
3129 2163 2164 3612 
3130 2165 2166 3612 
3131 2167 2168 3613 
3132 2169 2170 3613 
3133 2171 2172 3614 
3134 2173 2174 3614 
3135 2175 2176 3615 
3136 2177 2178 3615 
3137 2179 2180 3616 
3138 2181 2182 3616 
3139 2183 2184 3617 
3140 2185 2186 3617 
3141 2187 2188 3618 
3142 2189 2190 3618 
3143 2191 2192 3619 
3144 2193 2194 3619 
3145 2195 2196 3620 
3146 2197 2198 3620 
3147 2199 2200 3621 
3148 2201 2202 3621 
3149 2203 2204 3622 
3150 2205 2206 3622 
3151 2207 2208 3623 
3152 2209 2210 3623 
3153 2211 2212 3624 
3154 2213 2214 3624 
3155 2215 2216 3625 
3156 2217 2218 3625 
3157 2219 2220 3626 
3158 2221 2222 3626 
3159 2223 2224 3627 
3160 2225 2226 3627 
3161 2227 2228 3628 
3162 2229 2230 3628 
3163 2231 2232 3629 
3164 2233 2234 3629 
3165 2235 2236 3630 
3166 2237 2238 3630 
3167 2239 2240 3631 
3168 2241 2242 3631 
3169 2243 2244 3632 
3170 2245 2246 3632 
3171 2247 2248 3633 
3172 2249 2250 3633 
3173 2251 2252 3634 
3174 2253 2254 3634 
3175 2255 2256 3635 
3176 2257 2258 3635 
3177 2259 2260 3636 
3178 2261 2262 3636 
3179 2263 2264 3637 
3180 2265 2266 3637 
3181 2267 2268 3638 
3182 2269 2270 3638 
3183 2271 2272 3639 
3184 2273 2274 3639 
3185 2275 2276 3640 
3186 2277 2278 3640 
3187 2279 2280 3641 
3188 2281 2282 3641 
3189 2283 2284 3642 
3190 2285 2286 3642 
3191 2287 2288 3643 
3192 2289 2290 3643 
3193 2291 2292 3644 
3194 2293 2294 3644 
3195 2295 2296 3645 
3196 2297 2298 3645 
3197 2299 2300 3646 
3198 2301 2302 3646 
3199 2303 2304 3647 
3200 2305 2306 3647 
3201 2307 2308 3648 
3202 2309 2310 3648 
3203 2311 2312 3649 
3204 2313 2314 3649 
3205 2315 2316 3650 
3206 2317 2318 3650 
3207 2319 2320 3651 
3208 2321 2322 3651 
3209 2323 2324 3652 
3210 2325 2326 3652 
3211 2327 2328 3653 
3212 2329 2330 3653 
3213 2331 2332 3654 
3214 2333 2334 3654 
3215 2335 2336 3655 
3216 2337 2338 3655 
3217 2339 2340 3656 
3218 2341 2342 3656 
3219 2343 2344 3657 
3220 2345 2346 3657 
3221 2347 2348 3658 
3222 2349 2350 3658 
3223 2351 2352 3659 
3224 2353 2354 3659 
3225 2355 2356 3660 
3226 2357 2358 3660 
3227 2359 2360 3661 
3228 2361 2362 3661 
3229 2363 2364 3662 
3230 2365 2366 3662 
3231 2367 2368 3663 
3232 2369 2370 3663 
3233 2371 2372 3664 
3234 2373 2374 3664 
3235 2375 2376 3665 
3236 2377 2378 3665 
3237 2379 2380 3666 
3238 2381 2382 3666 
3239 2383 2384 3667 
3240 2385 2386 3667 
3241 2387 2388 3668 
3242 2389 2390 3668 
3243 2391 2392 3669 
3244 2393 2394 3669 
3245 2395 2396 3670 
3246 2397 2398 3670 
3247 2399 2400 3671 
3248 2401 2402 3671 
3249 2403 2404 3672 
3250 2405 2406 3672 
3251 2407 2408 3673 
3252 2409 2410 3673 
3253 2411 2412 3674 
3254 2413 2414 3674 
3255 2415 2416 3675 
3256 2417 2418 3675 
3257 2419 2420 3676 
3258 2421 2422 3676 
3259 2423 2424 3677 
3260 2425 2426 3677 
3261 2427 2428 3678 
3262 2429 2430 3678 
3263 2431 2432 3679 
3264 2433 2434 3679 
3265 2435 2436 3680 
3266 2437 2438 3680 
3267 2439 2440 3681 
3268 2441 2442 3681 
3269 2443 2444 3682 
3270 2445 2446 3682 
3271 2447 2448 3683 
3272 2449 2450 3683 
3273 2451 2452 3684 
3274 2453 2454 3684 
3275 2455 2456 3685 
3276 2457 2458 3685 
3277 2459 2460 3686 
3278 2461 2462 3686 
3279 2463 2464 3687 
3280 2465 2466 3687 
3281 2467 2468 3688 
3282 2469 2470 3688 
3283 2471 2472 3689 
3284 2473 2474 3689 
3285 2475 2476 3690 
3286 2477 2478 3690 
3287 2479 2480 3691 
3288 2481 2482 3691 
3289 2483 2484 3692 
3290 2485 2486 3692 
3291 2487 2488 3693 
3292 2489 2490 3693 
3293 2491 2492 3694 
3294 2493 2494 3694 
3295 2495 2496 3695 
3296 2497 2498 3695 
3297 2499 2500 3696 
3298 2501 2502 3696 
3299 2503 2504 3697 
3300 2505 2506 3697 
3301 2507 2508 3698 
3302 2509 2510 3698 
3303 2511 2512 3699 
3304 2513 2514 3699 
3305 2515 2516 3700 
3306 2517 2518 3700 
3307 2519 2520 3701 
3308 2521 2522 3701 
3309 2523 2524 3702 
3310 2525 2526 3702 
3311 2527 2528 3703 
3312 2529 2530 3703 
3313 2531 2532 3704 
3314 2533 2534 3704 
3315 2535 2536 3705 
3316 2537 2538 3705 
3317 2539 2540 3706 
3318 2541 2542 3706 
3319 2543 2544 3707 
3320 2545 2546 3707 
3321 2547 2548 3708 
3322 2549 2550 3708 
3323 2551 2552 3709 
3324 2553 2554 3709 
3325 2555 2556 3710 
3326 2557 2558 3710 
3327 2559 2560 3711 
3328 2561 2562 3711 
3329 2563 2564 3712 
3330 2565 2566 3712 
3331 2567 2568 3713 
3332 2569 2570 3713 
3333 2571 2572 3714 
3334 2573 2574 3714 
3335 2575 2576 3715 
3336 2577 2578 3715 
3337 2579 2580 3716 
3338 2581 2582 3716 
3339 2583 2584 3717 
3340 2585 2586 3717 
3341 2587 2588 3718 
3342 2589 2590 3718 
3343 2591 2592 3719 
3344 2593 2594 3719 
3345 2595 2596 3720 
3346 2597 2598 3720 
3347 2599 2600 3721 
3348 2601 2602 3721 
3349 2603 2604 3722 
3350 2605 2606 3722 
3351 2607 2608 3723 
3352 2609 2610 3723 
3353 2611 2612 3724 
3354 2613 2614 3724 
3355 2615 2616 3725 
3356 2617 2618 3725 
3357 2619 2620 3726 
3358 2621 2622 3726 
3359 2623 2624 3727 
3360 2625 2626 3727 
3361 2627 2628 3728 
3362 2629 2630 3728 
3363 2631 2632 3729 
3364 2633 2634 3729 
3365 2635 2636 3730 
3366 2637 2638 3730 
3367 2639 2640 3731 
3368 2641 2642 3731 
3369 2643 2644 3732 
3370 2645 2646 3732 
3371 2647 2648 3733 
3372 2649 2650 3733 
3373 2651 2652 3734 
3374 2653 2654 3734 
3375 2655 2656 3735 
3376 2657 2658 3735 
3377 2659 2660 3736 
3378 2661 2662 3736 
3379 2663 2664 3737 
3380 2665 2666 3737 
3381 2667 2668 3738 
3382 2669 2670 3738 
3383 2671 2672 3739 
3384 2673 2674 3739 
3385 2675 2676 3740 
3386 2677 2678 3740 
3387 2679 2680 3741 
3388 2681 2682 3741 
3389 2683 2684 3742 
3390 2685 2686 3742 
3391 2687 2688 3743 
3392 2689 2690 3743 
3393 2691 2692 3744 
3394 2693 2694 3744 
3395 2695 2696 3745 
3396 2697 2698 3745 
3397 2699 2700 3746 
3398 2701 2702 3746 
3399 2703 2704 3747 
3400 2705 2706 3747 
3401 2707 2708 3748 
3402 2709 2710 3748 
3403 2711 2712 3749 
3404 2713 2714 3749 
3405 2715 2716 3750 
3406 2717 2718 3750 
3407 2719 2720 3751 
3408 2721 2722 3751 
3409 2723 2724 3752 
3410 2725 2726 3752 
3411 2727 2728 3753 
3412 2729 2730 3753 
3413 2731 2732 3754 
3414 2733 2734 3754 
3415 2735 2736 3755 
3416 2737 2738 3755 
3417 2739 2740 3756 
3418 2741 2742 3756 
3419 2743 2744 3757 
3420 2745 2746 3757 
3421 2747 2748 3758 
3422 2749 2750 3758 
3423 2751 2752 3759 
3424 2753 2754 3759 
3425 2755 2756 3760 
3426 2757 2758 3760 
3427 2759 2760 3761 
3428 2761 2762 3761 
3429 2763 2764 3762 
3430 2765 2766 3762 
3431 2767 2768 3763 
3432 2769 2770 3763 
3433 2771 2772 3764 
3434 2773 2774 3764 
3435 2775 2776 3765 
3436 2777 2778 3765 
3437 2779 2780 3766 
3438 2781 2782 3766 
3439 2783 2784 3767 
3440 2785 2786 3767 
3441 2787 2788 3768 
3442 2789 2790 3768 
3443 2791 2792 3769 
3444 2793 2794 3769 
3445 2795 2796 3770 
3446 2797 2798 3770 
3447 2799 2800 3771 
3448 2801 2802 3771 
3449 2803 2804 3772 
3450 2805 2806 3772 
3451 2807 2808 3773 
3452 2809 2810 3773 
3453 2811 2812 3774 
3454 2813 2814 3774 
3455 2815 2816 3775 
3456 2817 2818 3775 
3457 2819 2820 3776 
3458 2821 2822 3776 
3459 2823 2824 3777 
3460 2825 2826 3777 
3461 2827 2828 3778 
3462 2829 2830 3778 
3463 2831 2832 3779 
3464 2833 2834 3779 
3465 2835 2836 3780 
3466 2837 2838 3780 
3467 2839 2840 3781 
3468 2841 2842 3781 
3469 2843 2844 3782 
3470 2845 2846 3782 
3471 2847 2848 3783 
3472 2849 2850 3783 
3473 2851 2852 3784 
3474 2853 2854 3784 
3475 2855 2856 3785 
3476 2857 2858 3785 
3477 2859 2860 3786 
3478 2861 2862 3786 
3479 2863 2864 3787 
3480 2865 2866 3787 
3481 2867 2868 3788 
3482 2869 2870 3788 
3483 2871 2872 3789 
3484 2873 2874 3789 
3485 2875 2876 3790 
3486 2877 2878 3790 
3487 2879 2880 3791 
3488 2881 2882 3791 
3489 2883 2884 3792 
3490 2885 2886 3792 
3491 2887 2888 3793 
3492 2889 2890 3793 
3493 2891 2892 3794 
3494 2893 2894 3794 
3495 2895 2896 3795 
3496 2897 2898 3795 
3497 2899 2900 3796 
3498 2901 2902 3796 
3499 2903 2904 3797 
3500 2905 2906 3797 
3501 2907 2908 3798 
3502 2909 2910 3798 
3503 2911 2912 3799 
3504 2913 2914 3799 
3505 2915 2916 3800 
3506 2917 2918 3800 
3507 2919 2920 3801 
3508 2921 2922 3801 
3509 2923 2924 3802 
3510 2925 2926 3802 
3511 2927 2928 3803 
3512 2929 2930 3803 
3513 2931 2932 3804 
3514 2933 2934 3804 
3515 2935 2936 3805 
3516 2937 2938 3805 
3517 2939 2940 3806 
3518 2941 2942 3806 
3519 2943 2944 3807 
3520 2945 2946 3807 
3521 2947 2948 3808 
3522 2949 2950 3808 
3523 2951 2952 3809 
3524 2953 2954 3809 
3525 2955 2956 3810 
3526 2957 2958 3810 
3527 2959 2960 3811 
3528 2961 2962 3811 
3529 2963 2964 3812 
3530 2965 2966 3812 
3531 2967 2968 3813 
3532 2969 2970 3813 
3533 2971 2972 3814 
3534 2973 2974 3814 
3535 2975 2976 3815 
3536 2977 2978 3815 
3537 2979 2980 3816 
3538 2981 2982 3816 
3539 2983 2984 3817 
3540 2985 2986 3817 
3541 2987 2988 3818 
3542 2989 2990 3818 
3543 2991 2992 3819 
3544 2993 2994 3819 
3545 2995 2996 3820 
3546 2997 2998 3820 
3547 2999 3000 3821 
3548 3001 3002 3821 
3549 3003 3004 3822 
3550 3005 3006 3822 
3551 3007 3008 3823 
3552 3009 3010 3823 
3553 3011 3012 3824 
3554 3013 3014 3824 
3555 3015 3016 3825 
3556 3017 3018 3825 
3557 3019 3020 3826 
3558 3021 3022 3826 
3559 3023 3024 3827 
3560 3025 3026 3827 
3561 3027 3028 3828 
3562 3029 3030 3828 
3563 3031 3032 3829 
3564 3033 3034 3829 
3565 3035 3036 3830 
3566 3037 3038 3830 
3567 3039 3040 3831 
3568 3041 3042 3831 
3569 3043 3044 3832 
3570 3045 3046 3832 
3571 3047 3048 3833 
3572 3049 3050 3833 
3573 3051 3052 3834 
3574 3053 3054 3834 
3575 3055 3056 3835 
3576 3057 3058 3835 
3577 3059 3060 3836 
3578 3061 3062 3836 
3579 3063 3064 3837 
3580 3065 3066 3837 
3581 3067 3068 3838 
3582 3069 3070 3838 
3583 3071 3072 3839 
3584 3073 3074 3839 
3585 3075 3076 3840 
3586 3077 3078 3840 
3587 3079 3080 3841 
3588 3081 3082 3841 
3589 3083 3084 3842 
3590 3085 3086 3842 
3591 3087 3088 3843 
3592 3089 3090 3843 
3593 3091 3092 3844 
3594 3093 3094 3844 
3595 3095 3096 3845 
3596 3097 3098 3845 
3597 3099 3100 3846 
3598 3101 3102 3846 
3599 3103 3104 3847 
3600 3105 3106 3847 
3601 3107 3108 3848 
3602 3109 3110 3848 
3603 3111 3112 3849 
3604 3113 3114 3849 
3605 3115 3116 3850 
3606 3117 3118 3850 
3607 3119 3120 3851 
3608 3121 3122 3851 
3609 3123 3124 3852 
3610 3125 3126 3852 
3611 3127 3128 3853 
3612 3129 3130 3853 
3613 3131 3132 3854 
3614 3133 3134 3854 
3615 3135 3136 3855 
3616 3137 3138 3855 
3617 3139 3140 3856 
3618 3141 3142 3856 
3619 3143 3144 3857 
3620 3145 3146 3857 
3621 3147 3148 3858 
3622 3149 3150 3858 
3623 3151 3152 3859 
3624 3153 3154 3859 
3625 3155 3156 3860 
3626 3157 3158 3860 
3627 3159 3160 3861 
3628 3161 3162 3861 
3629 3163 3164 3862 
3630 3165 3166 3862 
3631 3167 3168 3863 
3632 3169 3170 3863 
3633 3171 3172 3864 
3634 3173 3174 3864 
3635 3175 3176 3865 
3636 3177 3178 3865 
3637 3179 3180 3866 
3638 3181 3182 3866 
3639 3183 3184 3867 
3640 3185 3186 3867 
3641 3187 3188 3868 
3642 3189 3190 3868 
3643 3191 3192 3869 
3644 3193 3194 3869 
3645 3195 3196 3870 
3646 3197 3198 3870 
3647 3199 3200 3871 
3648 3201 3202 3871 
3649 3203 3204 3872 
3650 3205 3206 3872 
3651 3207 3208 3873 
3652 3209 3210 3873 
3653 3211 3212 3874 
3654 3213 3214 3874 
3655 3215 3216 3875 
3656 3217 3218 3875 
3657 3219 3220 3876 
3658 3221 3222 3876 
3659 3223 3224 3877 
3660 3225 3226 3877 
3661 3227 3228 3878 
3662 3229 3230 3878 
3663 3231 3232 3879 
3664 3233 3234 3879 
3665 3235 3236 3880 
3666 3237 3238 3880 
3667 3239 3240 3881 
3668 3241 3242 3881 
3669 3243 3244 3882 
3670 3245 3246 3882 
3671 3247 3248 3883 
3672 3249 3250 3883 
3673 3251 3252 3884 
3674 3253 3254 3884 
3675 3255 3256 3885 
3676 3257 3258 3885 
3677 3259 3260 3886 
3678 3261 3262 3886 
3679 3263 3264 3887 
3680 3265 3266 3887 
3681 3267 3268 3888 
3682 3269 3270 3888 
3683 3271 3272 3889 
3684 3273 3274 3889 
3685 3275 3276 3890 
3686 3277 3278 3890 
3687 3279 3280 3891 
3688 3281 3282 3891 
3689 3283 3284 3892 
3690 3285 3286 3892 
3691 3287 3288 3893 
3692 3289 3290 3893 
3693 3291 3292 3894 
3694 3293 3294 3894 
3695 3295 3296 3895 
3696 3297 3298 3895 
3697 3299 3300 3896 
3698 3301 3302 3896 
3699 3303 3304 3897 
3700 3305 3306 3897 
3701 3307 3308 3898 
3702 3309 3310 3898 
3703 3311 3312 3899 
3704 3313 3314 3899 
3705 3315 3316 3900 
3706 3317 3318 3900 
3707 3319 3320 3901 
3708 3321 3322 3901 
3709 3323 3324 3902 
3710 3325 3326 3902 
3711 3327 3328 3903 
3712 3329 3330 3903 
3713 3331 3332 3904 
3714 3333 3334 3904 
3715 3335 3336 3905 
3716 3337 3338 3905 
3717 3339 3340 3906 
3718 3341 3342 3906 
3719 3343 3344 3907 
3720 3345 3346 3907 
3721 3347 3348 3908 
3722 3349 3350 3908 
3723 3351 3352 3909 
3724 3353 3354 3909 
3725 3355 3356 3910 
3726 3357 3358 3910 
3727 3359 3360 3911 
3728 3361 3362 3911 
3729 3363 3364 3912 
3730 3365 3366 3912 
3731 3367 3368 3913 
3732 3369 3370 3913 
3733 3371 3372 3914 
3734 3373 3374 3914 
3735 3375 3376 3915 
3736 3377 3378 3915 
3737 3379 3380 3916 
3738 3381 3382 3916 
3739 3383 3384 3917 
3740 3385 3386 3917 
3741 3387 3388 3918 
3742 3389 3390 3918 
3743 3391 3392 3919 
3744 3393 3394 3919 
3745 3395 3396 3920 
3746 3397 3398 3920 
3747 3399 3400 3921 
3748 3401 3402 3921 
3749 3403 3404 3922 
3750 3405 3406 3922 
3751 3407 3408 3923 
3752 3409 3410 3923 
3753 3411 3412 3924 
3754 3413 3414 3924 
3755 3415 3416 3925 
3756 3417 3418 3925 
3757 3419 3420 3926 
3758 3421 3422 3926 
3759 3423 3424 3927 
3760 3425 3426 3927 
3761 3427 3428 3928 
3762 3429 3430 3928 
3763 3431 3432 3929 
3764 3433 3434 3929 
3765 3435 3436 3930 
3766 3437 3438 3930 
3767 3439 3440 3931 
3768 3441 3442 3931 
3769 3443 3444 3932 
3770 3445 3446 3932 
3771 3447 3448 3933 
3772 3449 3450 3933 
3773 3451 3452 3934 
3774 3453 3454 3934 
3775 3455 3456 3935 
3776 3457 3458 3935 
3777 3459 3460 3936 
3778 3461 3462 3936 
3779 3463 3464 3937 
3780 3465 3466 3937 
3781 3467 3468 3938 
3782 3469 3470 3938 
3783 3471 3472 3939 
3784 3473 3474 3939 
3785 3475 3476 3940 
3786 3477 3478 3940 
3787 3479 3480 3941 
3788 3481 3482 3941 
3789 3483 3484 3942 
3790 3485 3486 3942 
3791 3487 3488 3943 
3792 3489 3490 3943 
3793 3491 3492 3944 
3794 3493 3494 3944 
3795 3495 3496 3945 
3796 3497 3498 3945 
3797 3499 3500 3946 
3798 3501 3502 3946 
3799 3503 3504 3947 
3800 3505 3506 3947 
3801 3507 3508 3948 
3802 3509 3510 3948 
3803 3511 3512 3949 
3804 3513 3514 3949 
3805 3515 3516 3950 
3806 3517 3518 3950 
3807 3519 3520 3951 
3808 3521 3522 3951 
3809 3523 3524 3952 
3810 3525 3526 3952 
3811 3527 3528 3953 
3812 3529 3530 3953 
3813 3531 3532 3954 
3814 3533 3534 3954 
3815 3535 3536 3955 
3816 3537 3538 3955 
3817 3539 3540 3956 
3818 3541 3542 3956 
3819 3543 3544 3957 
3820 3545 3546 3957 
3821 3547 3548 3958 
3822 3549 3550 3958 
3823 3551 3552 3959 
3824 3553 3554 3959 
3825 3555 3556 3960 
3826 3557 3558 3960 
3827 3559 3560 3961 
3828 3561 3562 3961 
3829 3563 3564 3962 
3830 3565 3566 3962 
3831 3567 3568 3963 
3832 3569 3570 3963 
3833 3571 3572 3964 
3834 3573 3574 3964 
3835 3575 3576 3965 
3836 3577 3578 3965 
3837 3579 3580 3966 
3838 3581 3582 3966 
3839 3583 3584 3967 
3840 3585 3586 3967 
3841 3587 3588 3968 
3842 3589 3590 3968 
3843 3591 3592 3969 
3844 3593 3594 3969 
3845 3595 3596 3970 
3846 3597 3598 3970 
3847 3599 3600 3971 
3848 3601 3602 3971 
3849 3603 3604 3972 
3850 3605 3606 3972 
3851 3607 3608 3973 
3852 3609 3610 3973 
3853 3611 3612 3974 
3854 3613 3614 3974 
3855 3615 3616 3975 
3856 3617 3618 3975 
3857 3619 3620 3976 
3858 3621 3622 3976 
3859 3623 3624 3977 
3860 3625 3626 3977 
3861 3627 3628 3978 
3862 3629 3630 3978 
3863 3631 3632 3979 
3864 3633 3634 3979 
3865 3635 3636 3980 
3866 3637 3638 3980 
3867 3639 3640 3981 
3868 3641 3642 3981 
3869 3643 3644 3982 
3870 3645 3646 3982 
3871 3647 3648 3983 
3872 3649 3650 3983 
3873 3651 3652 3984 
3874 3653 3654 3984 
3875 3655 3656 3985 
3876 3657 3658 3985 
3877 3659 3660 3986 
3878 3661 3662 3986 
3879 3663 3664 3987 
3880 3665 3666 3987 
3881 3667 3668 3988 
3882 3669 3670 3988 
3883 3671 3672 3989 
3884 3673 3674 3989 
3885 3675 3676 3990 
3886 3677 3678 3990 
3887 3679 3680 3991 
3888 3681 3682 3991 
3889 3683 3684 3992 
3890 3685 3686 3992 
3891 3687 3688 3993 
3892 3689 3690 3993 
3893 3691 3692 3994 
3894 3693 3694 3994 
3895 3695 3696 3995 
3896 3697 3698 3995 
3897 3699 3700 3996 
3898 3701 3702 3996 
3899 3703 3704 3997 
3900 3705 3706 3997 
3901 3707 3708 3998 
3902 3709 3710 3998 
3903 3711 3712 3999 
3904 3713 3714 3999 
3905 3715 3716 4000 
3906 3717 3718 4000 
3907 3719 3720 4001 
3908 3721 3722 4001 
3909 3723 3724 4002 
3910 3725 3726 4002 
3911 3727 3728 4003 
3912 3729 3730 4003 
3913 3731 3732 4004 
3914 3733 3734 4004 
3915 3735 3736 4005 
3916 3737 3738 4005 
3917 3739 3740 4006 
3918 3741 3742 4006 
3919 3743 3744 4007 
3920 3745 3746 4007 
3921 3747 3748 4008 
3922 3749 3750 4008 
3923 3751 3752 4009 
3924 3753 3754 4009 
3925 3755 3756 4010 
3926 3757 3758 4010 
3927 3759 3760 4011 
3928 3761 3762 4011 
3929 3763 3764 4012 
3930 3765 3766 4012 
3931 3767 3768 4013 
3932 3769 3770 4013 
3933 3771 3772 4014 
3934 3773 3774 4014 
3935 3775 3776 4015 
3936 3777 3778 4015 
3937 3779 3780 4016 
3938 3781 3782 4016 
3939 3783 3784 4017 
3940 3785 3786 4017 
3941 3787 3788 4018 
3942 3789 3790 4018 
3943 3791 3792 4019 
3944 3793 3794 4019 
3945 3795 3796 4020 
3946 3797 3798 4020 
3947 3799 3800 4021 
3948 3801 3802 4021 
3949 3803 3804 4022 
3950 3805 3806 4022 
3951 3807 3808 4023 
3952 3809 3810 4023 
3953 3811 3812 4024 
3954 3813 3814 4024 
3955 3815 3816 4025 
3956 3817 3818 4025 
3957 3819 3820 4026 
3958 3821 3822 4026 
3959 3823 3824 4027 
3960 3825 3826 4027 
3961 3827 3828 4028 
3962 3829 3830 4028 
3963 3831 3832 4029 
3964 3833 3834 4029 
3965 3835 3836 4030 
3966 3837 3838 4030 
3967 3839 3840 4031 
3968 3841 3842 4031 
3969 3843 3844 4032 
3970 3845 3846 4032 
3971 3847 3848 4033 
3972 3849 3850 4033 
3973 3851 3852 4034 
3974 3853 3854 4034 
3975 3855 3856 4035 
3976 3857 3858 4035 
3977 3859 3860 4036 
3978 3861 3862 4036 
3979 3863 3864 4037 
3980 3865 3866 4037 
3981 3867 3868 4038 
3982 3869 3870 4038 
3983 3871 3872 4039 
3984 3873 3874 4039 
3985 3875 3876 4040 
3986 3877 3878 4040 
3987 3879 3880 4041 
3988 3881 3882 4041 
3989 3883 3884 4042 
3990 3885 3886 4042 
3991 3887 3888 4043 
3992 3889 3890 4043 
3993 3891 3892 4044 
3994 3893 3894 4044 
3995 3895 3896 4045 
3996 3897 3898 4045 
3997 3899 3900 4046 
3998 3901 3902 4046 
3999 3903 3904 4047 
4000 3905 3906 4047 
4001 3907 3908 4048 
4002 3909 3910 4048 
4003 3911 3912 4049 
4004 3913 3914 4049 
4005 3915 3916 4050 
4006 3917 3918 4050 
4007 3919 3920 4051 
4008 3921 3922 4051 
4009 3923 3924 4052 
4010 3925 3926 4052 
4011 3927 3928 4053 
4012 3929 3930 4053 
4013 3931 3932 4054 
4014 3933 3934 4054 
4015 3935 3936 4055 
4016 3937 3938 4055 
4017 3939 3940 4056 
4018 3941 3942 4056 
4019 3943 3944 4057 
4020 3945 3946 4057 
4021 3947 3948 4058 
4022 3949 3950 4058 
4023 3951 3952 4059 
4024 3953 3954 4059 
4025 3955 3956 4060 
4026 3957 3958 4060 
4027 3959 3960 4061 
4028 3961 3962 4061 
4029 3963 3964 4062 
4030 3965 3966 4062 
4031 3967 3968 4063 
4032 3969 3970 4063 
4033 3971 3972 4064 
4034 3973 3974 4064 
4035 3975 3976 4065 
4036 3977 3978 4065 
4037 3979 3980 4066 
4038 3981 3982 4066 
4039 3983 3984 4067 
4040 3985 3986 4067 
4041 3987 3988 4068 
4042 3989 3990 4068 
4043 3991 3992 4069 
4044 3993 3994 4069 
4045 3995 3996 4070 
4046 3997 3998 4070 
4047 3999 4000 4071 
4048 4001 4002 4071 
4049 4003 4004 4072 
4050 4005 4006 4072 
4051 4007 4008 4073 
4052 4009 4010 4073 
4053 4011 4012 4074 
4054 4013 4014 4074 
4055 4015 4016 4075 
4056 4017 4018 4075 
4057 4019 4020 4076 
4058 4021 4022 4076 
4059 4023 4024 4077 
4060 4025 4026 4077 
4061 4027 4028 4078 
4062 4029 4030 4078 
4063 4031 4032 4079 
4064 4033 4034 4079 
4065 4035 4036 4080 
4066 4037 4038 4080 
4067 4039 4040 4081 
4068 4041 4042 4081 
4069 4043 4044 4082 
4070 4045 4046 4082 
4071 4047 4048 4083 
4072 4049 4050 4083 
4073 4051 4052 4084 
4074 4053 4054 4084 
4075 4055 4056 4085 
4076 4057 4058 4085 
4077 4059 4060 4086 
4078 4061 4062 4086 
4079 4063 4064 4087 
4080 4065 4066 4087 
4081 4067 4068 4088 
4082 4069 4070 4088 
4083 4071 4072 4089 
4084 4073 4074 4089 
4085 4075 4076 4090 
4086 4077 4078 4090 
4087 4079 4080 4091 
4088 4081 4082 4091 
4089 4083 4084 4092 
4090 4085 4086 4092 
4091 4087 4088 4093 
4092 4089 4090 4093 
4093 4091 4092 
